left_arm_local_X,left_arm_local_Y,left_arm_local_Z,right_arm_local_X,right_arm_local_Y,right_arm_local_Z,left_leg_local_X,left_leg_local_Y,left_leg_local_Z,right_leg_local_X,right_leg_local_Y,right_leg_local_Z,waist_head_local_X,waist_head_local_Y,waist_head_local_Z,left_arm_local_distX,left_arm_local__distY,left_arm_local__distZ,right_arm_local__distX,right_arm_local__distY,right_arm_local__distZ,left_leg_local__distX,left_leg_local__distY,left_leg_local__distZ,right_leg_local__distX,right_leg_local__distY,right_leg_local__distZ,waist_head_local__distX,waist_head_local__distY,waist_head_local__distZ,left_arm_global_X,left_arm_global_Y,left_arm_global_Z,right_arm_global_X,right_arm_global_Y,right_arm_global_Z,left_leg_global_X,left_leg_global_Y,left_leg_global_Z,right_leg_global_X,right_leg_global_Y,right_leg_global_Z,waist_head_global_X,waist_head_global_Y,waist_head_global_Z,left_arm_global_distX,left_arm_global__distY,left_arm_global__distZ,right_arm_global__distX,right_arm_global__distY,right_arm_global__distZ,left_leg_global__distX,left_leg_global__distY,left_leg_global__distZ,right_leg_global__distX,right_leg_global__distY,right_global__leg_distZ,waist_head_global__distX,waist_head_global__distY,waist_head_global__distZ,label
-4.0,66.0,11.0,2.0,65.0,15.0,-9.0,110.0,8.0,-5.0,113.0,22.0,3.0,-73.0,51.0,6.0,0.0,6.0,2.0,1.0,2.0,9.0,1.0,9.0,5.0,0.0,5.0,3.0,0.0,3.0,-22.0,27.0,35.0,22.0,28.0,35.0,-24.0,113.0,41.0,10.0,115.0,51.0,3.0,-73.0,51.0,24.0,0.0,24.0,18.0,0.0,18.0,24.0,0.0,24.0,10.0,0.0,10.0,3.0,0.0,3.0,2
-5.0,66.0,9.0,0.0,66.0,11.0,-9.0,111.0,9.0,-5.0,113.0,22.0,3.0,-73.0,51.0,7.0,1.0,7.0,0.0,1.0,0.0,9.0,0.0,9.0,7.0,0.0,7.0,3.0,1.0,3.0,-23.0,27.0,31.0,20.0,28.0,32.0,-24.0,113.0,42.0,10.0,115.0,51.0,3.0,-73.0,51.0,25.0,1.0,25.0,20.0,0.0,20.0,24.0,0.0,24.0,8.0,0.0,8.0,3.0,1.0,3.0,2
-6.0,65.0,4.0,0.0,65.0,10.0,-8.0,111.0,10.0,-6.0,113.0,23.0,3.0,-74.0,51.0,6.0,1.0,6.0,0.0,0.0,0.0,12.0,0.0,12.0,8.0,1.0,8.0,1.0,1.0,1.0,-24.0,26.0,26.0,20.0,28.0,33.0,-24.0,113.0,42.0,9.0,115.0,53.0,3.0,-74.0,51.0,24.0,1.0,24.0,18.0,0.0,18.0,28.0,0.0,28.0,5.0,0.0,5.0,1.0,1.0,1.0,2
-5.0,66.0,7.0,0.0,65.0,11.0,-10.0,111.0,10.0,-7.0,112.0,20.0,2.0,-73.0,52.0,5.0,0.0,5.0,0.0,1.0,0.0,10.0,0.0,10.0,7.0,1.0,7.0,2.0,0.0,2.0,-24.0,27.0,28.0,19.0,28.0,33.0,-26.0,113.0,40.0,7.0,115.0,51.0,2.0,-73.0,52.0,24.0,0.0,24.0,19.0,1.0,19.0,26.0,0.0,26.0,7.0,0.0,7.0,2.0,0.0,2.0,2
-5.0,66.0,14.0,2.0,64.0,17.0,-10.0,111.0,11.0,-6.0,113.0,22.0,2.0,-73.0,53.0,5.0,0.0,5.0,2.0,0.0,2.0,12.0,1.0,12.0,8.0,1.0,8.0,4.0,1.0,4.0,-23.0,27.0,34.0,22.0,27.0,40.0,-25.0,113.0,43.0,9.0,115.0,53.0,2.0,-73.0,53.0,29.0,1.0,29.0,22.0,1.0,22.0,31.0,2.0,31.0,3.0,1.0,3.0,4.0,1.0,4.0,2
-5.0,66.0,11.0,10.0,64.0,30.0,-11.0,110.0,12.0,-7.0,112.0,20.0,-1.0,-74.0,52.0,7.0,0.0,7.0,10.0,4.0,10.0,11.0,0.0,11.0,9.0,0.0,9.0,1.0,0.0,1.0,-26.0,26.0,31.0,27.0,26.0,55.0,-28.0,111.0,41.0,6.0,114.0,53.0,-1.0,-74.0,52.0,28.0,1.0,28.0,27.0,4.0,27.0,28.0,0.0,28.0,4.0,0.0,4.0,1.0,0.0,1.0,2
-6.0,66.0,12.0,22.0,60.0,53.0,-11.0,110.0,13.0,-8.0,112.0,20.0,-1.0,-74.0,52.0,6.0,1.0,6.0,22.0,14.0,22.0,13.0,1.0,13.0,8.0,1.0,8.0,5.0,0.0,5.0,-27.0,27.0,31.0,39.0,22.0,78.0,-28.0,111.0,41.0,5.0,114.0,54.0,-1.0,-74.0,52.0,27.0,1.0,27.0,39.0,14.0,39.0,30.0,1.0,30.0,3.0,1.0,3.0,5.0,0.0,5.0,2
-5.0,65.0,11.0,40.0,46.0,75.0,-12.0,109.0,12.0,-8.0,113.0,21.0,-3.0,-74.0,52.0,7.0,0.0,7.0,40.0,11.0,40.0,14.0,1.0,14.0,10.0,1.0,10.0,5.0,0.0,5.0,-27.0,26.0,27.0,55.0,8.0,102.0,-29.0,110.0,39.0,4.0,115.0,56.0,-3.0,-74.0,52.0,29.0,1.0,29.0,55.0,11.0,55.0,31.0,0.0,31.0,2.0,0.0,2.0,5.0,0.0,5.0,2
-6.0,65.0,14.0,42.0,35.0,99.0,-13.0,110.0,17.0,-9.0,112.0,22.0,-4.0,-74.0,52.0,6.0,1.0,6.0,22.0,10.0,22.0,13.0,1.0,13.0,9.0,1.0,9.0,4.0,1.0,4.0,-28.0,27.0,30.0,57.0,-3.0,130.0,-30.0,110.0,43.0,3.0,115.0,58.0,-4.0,-74.0,52.0,28.0,1.0,28.0,37.0,10.0,37.0,30.0,1.0,30.0,3.0,1.0,3.0,4.0,1.0,4.0,2
-4.0,64.0,19.0,32.0,25.0,128.0,-13.0,111.0,20.0,-9.0,111.0,21.0,-4.0,-73.0,52.0,6.0,0.0,6.0,28.0,9.0,28.0,13.0,0.0,13.0,9.0,0.0,9.0,4.0,2.0,4.0,-26.0,26.0,34.0,47.0,-13.0,160.0,-30.0,111.0,44.0,3.0,114.0,58.0,-4.0,-73.0,52.0,28.0,1.0,28.0,13.0,11.0,13.0,30.0,1.0,30.0,3.0,1.0,3.0,4.0,2.0,4.0,2
-5.0,64.0,23.0,2.0,16.0,148.0,-11.0,111.0,20.0,-7.0,111.0,22.0,-4.0,-75.0,48.0,5.0,1.0,5.0,34.0,2.0,34.0,15.0,1.0,15.0,9.0,0.0,9.0,6.0,0.0,6.0,-27.0,25.0,39.0,17.0,-24.0,181.0,-29.0,110.0,44.0,4.0,113.0,59.0,-4.0,-75.0,48.0,27.0,1.0,27.0,23.0,2.0,23.0,33.0,1.0,33.0,0.0,0.0,0.0,6.0,0.0,6.0,2
-5.0,63.0,27.0,-16.0,14.0,131.0,-13.0,110.0,22.0,-8.0,111.0,18.0,-5.0,-75.0,46.0,7.0,2.0,7.0,68.0,10.0,68.0,19.0,0.0,19.0,14.0,1.0,14.0,11.0,1.0,11.0,-27.0,24.0,37.0,-3.0,-26.0,167.0,-31.0,109.0,43.0,2.0,113.0,58.0,-5.0,-75.0,46.0,33.0,0.0,33.0,65.0,8.0,65.0,41.0,0.0,41.0,12.0,0.0,12.0,11.0,1.0,11.0,2
-6.0,61.0,30.0,-42.0,4.0,127.0,-16.0,110.0,22.0,-11.0,110.0,7.0,-8.0,-74.0,41.0,6.0,0.0,6.0,58.0,1.0,58.0,16.0,0.0,16.0,11.0,1.0,11.0,8.0,0.0,8.0,-30.0,24.0,32.0,-34.0,-34.0,173.0,-36.0,109.0,33.0,-5.0,113.0,51.0,-8.0,-74.0,41.0,30.0,2.0,30.0,50.0,2.0,50.0,36.0,1.0,36.0,5.0,0.0,5.0,8.0,0.0,8.0,2
-1.0,61.0,29.0,-50.0,5.0,111.0,-13.0,110.0,22.0,-10.0,111.0,13.0,-6.0,-74.0,45.0,7.0,2.0,7.0,50.0,1.0,50.0,15.0,0.0,15.0,10.0,0.0,10.0,6.0,0.0,6.0,-27.0,26.0,34.0,-42.0,-36.0,152.0,-32.0,110.0,38.0,-2.0,113.0,55.0,-6.0,-74.0,45.0,29.0,1.0,29.0,42.0,1.0,42.0,32.0,1.0,32.0,2.0,0.0,2.0,6.0,0.0,6.0,2
-4.0,63.0,21.0,-49.0,6.0,112.0,-14.0,110.0,25.0,-10.0,111.0,13.0,-6.0,-74.0,48.0,4.0,1.0,4.0,49.0,0.0,49.0,16.0,0.0,16.0,10.0,0.0,10.0,8.0,0.0,8.0,-28.0,27.0,25.0,-40.0,-35.0,152.0,-32.0,109.0,41.0,-1.0,113.0,55.0,-6.0,-74.0,48.0,30.0,1.0,30.0,40.0,0.0,40.0,36.0,0.0,36.0,5.0,0.0,5.0,8.0,0.0,8.0,2
-4.0,62.0,17.0,-43.0,6.0,124.0,-15.0,110.0,24.0,-10.0,111.0,10.0,-7.0,-74.0,45.0,10.0,1.0,10.0,43.0,5.0,43.0,17.0,1.0,17.0,10.0,1.0,10.0,7.0,0.0,7.0,-29.0,26.0,18.0,-35.0,-35.0,164.0,-34.0,109.0,38.0,-3.0,113.0,53.0,-7.0,-74.0,45.0,31.0,2.0,31.0,35.0,3.0,35.0,38.0,0.0,38.0,5.0,0.0,5.0,7.0,0.0,7.0,2
-7.0,61.0,20.0,-24.0,1.0,142.0,-16.0,109.0,26.0,-9.0,110.0,4.0,-7.0,-74.0,41.0,7.0,1.0,7.0,24.0,5.0,24.0,20.0,0.0,20.0,11.0,0.0,11.0,9.0,1.0,9.0,-30.0,24.0,20.0,-16.0,-38.0,188.0,-36.0,109.0,36.0,-4.0,113.0,49.0,-7.0,-74.0,41.0,34.0,1.0,34.0,16.0,1.0,16.0,38.0,1.0,38.0,6.0,0.0,6.0,9.0,1.0,9.0,2
-7.0,60.0,15.0,5.0,6.0,120.0,-18.0,109.0,26.0,-10.0,110.0,2.0,-8.0,-75.0,39.0,7.0,1.0,7.0,5.0,1.0,5.0,18.0,0.0,18.0,10.0,0.0,10.0,8.0,2.0,8.0,-32.0,23.0,7.0,9.0,-37.0,163.0,-37.0,108.0,34.0,-5.0,113.0,47.0,-8.0,-75.0,39.0,32.0,3.0,32.0,9.0,0.0,9.0,37.0,1.0,37.0,5.0,0.0,5.0,8.0,2.0,8.0,2
-4.0,61.0,25.0,21.0,5.0,138.0,-15.0,109.0,25.0,-9.0,110.0,4.0,-7.0,-73.0,45.0,6.0,3.0,6.0,21.0,4.0,21.0,15.0,0.0,15.0,9.0,0.0,9.0,9.0,1.0,9.0,-30.0,26.0,18.0,26.0,-37.0,175.0,-34.0,109.0,36.0,-3.0,113.0,48.0,-7.0,-73.0,45.0,32.0,3.0,32.0,26.0,4.0,26.0,34.0,1.0,34.0,3.0,0.0,3.0,9.0,1.0,9.0,2
-5.0,58.0,5.0,43.0,9.0,119.0,-15.0,109.0,25.0,-8.0,110.0,5.0,-8.0,-74.0,44.0,9.0,4.0,9.0,43.0,2.0,43.0,15.0,0.0,15.0,8.0,2.0,8.0,8.0,0.0,8.0,-31.0,23.0,1.0,48.0,-33.0,158.0,-34.0,108.0,36.0,-2.0,113.0,48.0,-8.0,-74.0,44.0,31.0,1.0,31.0,48.0,4.0,48.0,34.0,1.0,34.0,2.0,1.0,2.0,8.0,0.0,8.0,2
-7.0,62.0,7.0,45.0,11.0,113.0,-11.0,109.0,25.0,-6.0,112.0,11.0,-5.0,-74.0,49.0,7.0,1.0,7.0,43.0,1.0,43.0,11.0,1.0,11.0,6.0,1.0,6.0,5.0,0.0,5.0,-28.0,24.0,12.0,58.0,-29.0,152.0,-29.0,109.0,41.0,2.0,114.0,53.0,-5.0,-74.0,49.0,28.0,1.0,28.0,58.0,1.0,58.0,29.0,0.0,29.0,2.0,1.0,2.0,5.0,0.0,5.0,2
-7.0,61.0,-1.0,44.0,12.0,115.0,-11.0,110.0,26.0,-5.0,111.0,11.0,-4.0,-74.0,50.0,9.0,1.0,9.0,20.0,1.0,20.0,11.0,1.0,11.0,7.0,0.0,7.0,6.0,1.0,6.0,-28.0,23.0,6.0,58.0,-28.0,153.0,-29.0,109.0,44.0,4.0,113.0,53.0,-4.0,-74.0,50.0,30.0,0.0,30.0,34.0,0.0,34.0,29.0,1.0,29.0,2.0,0.0,2.0,6.0,1.0,6.0,2
-8.0,62.0,0.0,32.0,11.0,134.0,-10.0,111.0,22.0,-6.0,111.0,15.0,-5.0,-75.0,48.0,8.0,1.0,8.0,0.0,5.0,0.0,10.0,0.0,10.0,6.0,0.0,6.0,5.0,0.0,5.0,-29.0,23.0,11.0,46.0,-28.0,170.0,-29.0,110.0,40.0,3.0,113.0,55.0,-5.0,-75.0,48.0,29.0,0.0,29.0,16.0,5.0,16.0,29.0,0.0,29.0,3.0,0.0,3.0,5.0,0.0,5.0,2
-8.0,63.0,0.0,16.0,6.0,145.0,-10.0,111.0,22.0,-6.0,111.0,18.0,-4.0,-75.0,51.0,8.0,0.0,8.0,8.0,6.0,8.0,14.0,1.0,14.0,8.0,1.0,8.0,6.0,0.0,6.0,-29.0,23.0,15.0,31.0,-33.0,182.0,-28.0,110.0,43.0,4.0,113.0,58.0,-4.0,-75.0,51.0,29.0,1.0,29.0,1.0,4.0,1.0,34.0,1.0,34.0,2.0,1.0,2.0,6.0,0.0,6.0,2
-6.0,63.0,20.0,4.0,12.0,122.0,-12.0,110.0,25.0,-7.0,110.0,13.0,-5.0,-75.0,48.0,12.0,1.0,12.0,50.0,6.0,50.0,14.0,0.0,14.0,9.0,0.0,9.0,7.0,1.0,7.0,-29.0,24.0,25.0,15.0,-29.0,161.0,-31.0,109.0,41.0,1.0,112.0,54.0,-5.0,-75.0,48.0,33.0,1.0,33.0,39.0,4.0,39.0,33.0,1.0,33.0,3.0,1.0,3.0,7.0,1.0,7.0,2
-9.0,62.0,17.0,-23.0,6.0,143.0,-13.0,110.0,27.0,-8.0,110.0,9.0,-6.0,-74.0,46.0,9.0,1.0,9.0,35.0,1.0,35.0,13.0,0.0,13.0,8.0,0.0,8.0,6.0,1.0,6.0,-31.0,25.0,22.0,-12.0,-33.0,189.0,-32.0,110.0,40.0,-1.0,113.0,53.0,-6.0,-74.0,46.0,31.0,0.0,31.0,26.0,1.0,26.0,32.0,0.0,32.0,1.0,0.0,1.0,6.0,1.0,6.0,2
-2.0,61.0,26.0,-29.0,7.0,137.0,-13.0,110.0,25.0,-7.0,110.0,11.0,-5.0,-73.0,47.0,6.0,1.0,6.0,37.0,0.0,37.0,17.0,1.0,17.0,11.0,0.0,11.0,5.0,0.0,5.0,-25.0,25.0,32.0,-19.0,-32.0,180.0,-32.0,110.0,40.0,0.0,113.0,53.0,-5.0,-73.0,47.0,29.0,1.0,29.0,27.0,0.0,27.0,36.0,1.0,36.0,4.0,0.0,4.0,5.0,0.0,5.0,2
-4.0,62.0,27.0,-33.0,7.0,134.0,-15.0,109.0,24.0,-9.0,110.0,10.0,-5.0,-73.0,48.0,4.0,1.0,4.0,33.0,5.0,33.0,15.0,1.0,15.0,9.0,1.0,9.0,5.0,0.0,5.0,-27.0,26.0,32.0,-23.0,-32.0,178.0,-34.0,109.0,38.0,-2.0,113.0,53.0,-5.0,-73.0,48.0,27.0,1.0,27.0,23.0,5.0,23.0,34.0,1.0,34.0,2.0,1.0,2.0,5.0,0.0,5.0,2
-2.0,61.0,26.0,-25.0,12.0,136.0,-12.0,110.0,22.0,-7.0,111.0,14.0,-5.0,-73.0,47.0,18.0,0.0,18.0,25.0,8.0,25.0,12.0,0.0,12.0,7.0,1.0,7.0,5.0,2.0,5.0,-25.0,25.0,34.0,-14.0,-27.0,176.0,-31.0,110.0,39.0,1.0,114.0,55.0,-5.0,-73.0,47.0,33.0,5.0,33.0,14.0,10.0,14.0,31.0,0.0,31.0,1.0,1.0,1.0,5.0,2.0,5.0,2
-10.0,61.0,15.0,-18.0,20.0,134.0,-11.0,110.0,22.0,-6.0,110.0,14.0,-4.0,-75.0,50.0,10.0,1.0,10.0,18.0,14.0,18.0,11.0,1.0,11.0,8.0,1.0,8.0,4.0,1.0,4.0,-29.0,20.0,25.0,-3.0,-17.0,173.0,-30.0,110.0,40.0,3.0,113.0,54.0,-4.0,-75.0,50.0,29.0,3.0,29.0,3.0,12.0,3.0,30.0,0.0,30.0,1.0,1.0,1.0,4.0,1.0,4.0,2
-8.0,62.0,14.0,-6.0,34.0,125.0,-11.0,111.0,24.0,-7.0,111.0,15.0,-4.0,-74.0,50.0,8.0,0.0,8.0,6.0,17.0,6.0,11.0,0.0,11.0,7.0,0.0,7.0,4.0,0.0,4.0,-29.0,23.0,22.0,8.0,-5.0,161.0,-30.0,110.0,43.0,2.0,114.0,55.0,-4.0,-74.0,50.0,29.0,0.0,29.0,8.0,17.0,8.0,30.0,1.0,30.0,2.0,0.0,2.0,4.0,0.0,4.0,2
-8.0,62.0,-4.0,7.0,51.0,97.0,-10.0,111.0,21.0,-6.0,111.0,18.0,-3.0,-74.0,48.0,8.0,1.0,8.0,7.0,10.0,7.0,12.0,0.0,12.0,8.0,0.0,8.0,5.0,0.0,5.0,-28.0,23.0,8.0,23.0,12.0,129.0,-28.0,111.0,43.0,5.0,114.0,56.0,-3.0,-74.0,48.0,28.0,1.0,28.0,23.0,10.0,23.0,30.0,1.0,30.0,3.0,0.0,3.0,5.0,0.0,5.0,2
-7.0,63.0,6.0,14.0,61.0,59.0,-11.0,111.0,18.0,-7.0,111.0,18.0,-4.0,-74.0,50.0,7.0,1.0,7.0,10.0,4.0,10.0,11.0,0.0,11.0,7.0,0.0,7.0,4.0,0.0,4.0,-28.0,24.0,18.0,29.0,22.0,90.0,-29.0,110.0,41.0,4.0,114.0,56.0,-4.0,-74.0,50.0,28.0,1.0,28.0,27.0,4.0,27.0,29.0,1.0,29.0,4.0,0.0,4.0,4.0,0.0,4.0,2
-6.0,64.0,8.0,12.0,65.0,21.0,-10.0,111.0,14.0,-7.0,111.0,20.0,-3.0,-74.0,51.0,6.0,0.0,6.0,6.0,1.0,6.0,12.0,0.0,12.0,7.0,1.0,7.0,3.0,0.0,3.0,-27.0,25.0,22.0,28.0,26.0,52.0,-28.0,111.0,39.0,4.0,114.0,57.0,-3.0,-74.0,51.0,27.0,0.0,27.0,10.0,0.0,10.0,28.0,0.0,28.0,4.0,1.0,4.0,3.0,0.0,3.0,2
-6.0,64.0,1.0,3.0,64.0,-8.0,-11.0,111.0,15.0,-7.0,112.0,21.0,-3.0,-74.0,52.0,6.0,0.0,6.0,3.0,0.0,3.0,11.0,0.0,11.0,7.0,0.0,7.0,3.0,1.0,3.0,-27.0,25.0,19.0,19.0,26.0,21.0,-28.0,111.0,42.0,5.0,115.0,56.0,-3.0,-74.0,52.0,27.0,1.0,27.0,19.0,0.0,19.0,28.0,1.0,28.0,5.0,0.0,5.0,3.0,1.0,3.0,2
-5.0,64.0,1.0,4.0,64.0,-20.0,-9.0,111.0,11.0,-7.0,112.0,21.0,-2.0,-73.0,48.0,11.0,0.0,11.0,0.0,2.0,0.0,11.0,0.0,11.0,9.0,0.0,9.0,2.0,1.0,2.0,-26.0,26.0,18.0,21.0,26.0,4.0,-26.0,112.0,39.0,6.0,115.0,53.0,-2.0,-73.0,48.0,30.0,0.0,30.0,17.0,2.0,17.0,26.0,0.0,26.0,6.0,0.0,6.0,2.0,1.0,2.0,2
-8.0,64.0,10.0,2.0,62.0,-8.0,-10.0,111.0,9.0,-8.0,112.0,20.0,-1.0,-74.0,49.0,-8.0,64.0,-8.0,2.0,62.0,2.0,-10.0,111.0,-10.0,-8.0,112.0,-8.0,-1.0,-74.0,-1.0,-28.0,26.0,30.0,19.0,24.0,16.0,-26.0,112.0,39.0,6.0,115.0,53.0,-1.0,-74.0,49.0,-28.0,26.0,-28.0,19.0,24.0,19.0,-26.0,112.0,-26.0,6.0,115.0,6.0,-1.0,-74.0,-1.0,2
