left_arm_local_X,left_arm_local_Y,left_arm_local_Z,right_arm_local_X,right_arm_local_Y,right_arm_local_Z,left_leg_local_X,left_leg_local_Y,left_leg_local_Z,right_leg_local_X,right_leg_local_Y,right_leg_local_Z,waist_head_local_X,waist_head_local_Y,waist_head_local_Z,left_arm_local_distX,left_arm_local__distY,left_arm_local__distZ,right_arm_local__distX,right_arm_local__distY,right_arm_local__distZ,left_leg_local__distX,left_leg_local__distY,left_leg_local__distZ,right_leg_local__distX,right_leg_local__distY,right_leg_local__distZ,waist_head_local__distX,waist_head_local__distY,waist_head_local__distZ,left_arm_global_X,left_arm_global_Y,left_arm_global_Z,right_arm_global_X,right_arm_global_Y,right_arm_global_Z,left_leg_global_X,left_leg_global_Y,left_leg_global_Z,right_leg_global_X,right_leg_global_Y,right_leg_global_Z,waist_head_global_X,waist_head_global_Y,waist_head_global_Z,left_arm_global_distX,left_arm_global__distY,left_arm_global__distZ,right_arm_global__distX,right_arm_global__distY,right_arm_global__distZ,left_leg_global__distX,left_leg_global__distY,left_leg_global__distZ,right_leg_global__distX,right_leg_global__distY,right_global__leg_distZ,waist_head_global__distX,waist_head_global__distY,waist_head_global__distZ,label
-14.0,61.0,-25.0,53.0,37.0,58.0,-7.0,111.0,14.0,-5.0,112.0,17.0,-5.0,-74.0,55.0,14.0,2.0,14.0,39.0,15.0,39.0,9.0,0.0,9.0,7.0,1.0,7.0,5.0,0.0,5.0,-36.0,23.0,-7.0,69.0,-2.0,88.0,-25.0,112.0,40.0,7.0,115.0,52.0,-5.0,-74.0,55.0,36.0,2.0,36.0,53.0,16.0,53.0,27.0,1.0,27.0,5.0,1.0,5.0,5.0,0.0,5.0,2
-7.0,63.0,-17.0,46.0,22.0,110.0,-8.0,111.0,16.0,-6.0,111.0,16.0,-5.0,-74.0,51.0,7.0,2.0,7.0,8.0,15.0,8.0,10.0,0.0,10.0,6.0,1.0,6.0,7.0,0.0,7.0,-29.0,25.0,-1.0,61.0,-18.0,142.0,-26.0,111.0,41.0,6.0,114.0,53.0,-5.0,-74.0,51.0,29.0,1.0,29.0,23.0,14.0,23.0,28.0,0.0,28.0,6.0,1.0,6.0,7.0,0.0,7.0,2
-7.0,61.0,-14.0,27.0,7.0,137.0,-9.0,111.0,14.0,-5.0,112.0,17.0,-6.0,-74.0,52.0,7.0,2.0,7.0,17.0,6.0,17.0,15.0,0.0,15.0,7.0,1.0,7.0,6.0,1.0,6.0,-29.0,24.0,2.0,42.0,-32.0,170.0,-27.0,111.0,39.0,6.0,115.0,54.0,-6.0,-74.0,52.0,29.0,1.0,29.0,4.0,7.0,4.0,33.0,0.0,33.0,0.0,1.0,0.0,6.0,1.0,6.0,2
-6.0,63.0,-7.0,5.0,1.0,150.0,-12.0,111.0,18.0,-6.0,111.0,10.0,-6.0,-75.0,52.0,6.0,0.0,6.0,55.0,8.0,55.0,16.0,1.0,16.0,12.0,1.0,12.0,8.0,0.0,8.0,-28.0,25.0,6.0,19.0,-39.0,193.0,-30.0,111.0,36.0,3.0,114.0,51.0,-6.0,-75.0,52.0,28.0,1.0,28.0,49.0,9.0,49.0,38.0,1.0,38.0,9.0,1.0,9.0,8.0,0.0,8.0,2
-6.0,63.0,11.0,-25.0,-7.0,140.0,-14.0,110.0,19.0,-9.0,110.0,4.0,-7.0,-75.0,48.0,6.0,0.0,6.0,47.0,4.0,47.0,18.0,0.0,18.0,11.0,0.0,11.0,9.0,1.0,9.0,-28.0,26.0,15.0,-15.0,-48.0,187.0,-34.0,110.0,31.0,-3.0,113.0,48.0,-7.0,-75.0,48.0,30.0,0.0,30.0,41.0,3.0,41.0,38.0,1.0,38.0,5.0,0.0,5.0,9.0,1.0,9.0,2
-6.0,63.0,18.0,-36.0,-3.0,134.0,-16.0,110.0,19.0,-10.0,110.0,2.0,-8.0,-76.0,46.0,8.0,0.0,8.0,42.0,2.0,42.0,16.0,0.0,16.0,10.0,0.0,10.0,8.0,0.0,8.0,-29.0,26.0,21.0,-28.0,-45.0,182.0,-36.0,109.0,30.0,-4.0,113.0,46.0,-8.0,-76.0,46.0,31.0,0.0,31.0,32.0,1.0,32.0,36.0,1.0,36.0,4.0,0.0,4.0,8.0,0.0,8.0,2
-7.0,63.0,18.0,-39.0,-5.0,128.0,-16.0,110.0,19.0,-9.0,110.0,0.0,-7.0,-76.0,45.0,9.0,2.0,9.0,39.0,1.0,39.0,16.0,1.0,16.0,11.0,0.0,11.0,7.0,1.0,7.0,-30.0,26.0,21.0,-30.0,-46.0,177.0,-35.0,110.0,30.0,-3.0,113.0,45.0,-7.0,-76.0,45.0,30.0,2.0,30.0,30.0,1.0,30.0,35.0,1.0,35.0,5.0,0.0,5.0,7.0,1.0,7.0,2
-8.0,61.0,13.0,-28.0,-4.0,137.0,-15.0,109.0,20.0,-10.0,110.0,1.0,-7.0,-75.0,46.0,10.0,1.0,10.0,28.0,3.0,28.0,21.0,0.0,21.0,10.0,1.0,10.0,9.0,1.0,9.0,-30.0,24.0,14.0,-19.0,-45.0,184.0,-35.0,109.0,30.0,-4.0,113.0,45.0,-7.0,-75.0,46.0,32.0,2.0,32.0,19.0,3.0,19.0,39.0,1.0,39.0,8.0,1.0,8.0,9.0,1.0,9.0,2
-9.0,60.0,14.0,-13.0,-7.0,139.0,-18.0,109.0,19.0,-10.0,109.0,-4.0,-8.0,-76.0,42.0,9.0,1.0,9.0,13.0,11.0,13.0,18.0,0.0,18.0,10.0,2.0,10.0,8.0,1.0,8.0,-31.0,22.0,11.0,-6.0,-48.0,188.0,-37.0,108.0,25.0,-6.0,112.0,41.0,-8.0,-76.0,42.0,31.0,0.0,31.0,6.0,11.0,6.0,37.0,1.0,37.0,6.0,1.0,6.0,8.0,1.0,8.0,2
-6.0,61.0,10.0,15.0,4.0,139.0,-15.0,109.0,20.0,-8.0,111.0,1.0,-7.0,-77.0,46.0,8.0,1.0,8.0,15.0,3.0,15.0,15.0,1.0,15.0,8.0,1.0,8.0,7.0,2.0,7.0,-29.0,22.0,14.0,24.0,-37.0,187.0,-34.0,109.0,31.0,-2.0,113.0,45.0,-7.0,-77.0,46.0,29.0,1.0,29.0,24.0,2.0,24.0,34.0,1.0,34.0,2.0,1.0,2.0,7.0,2.0,7.0,2
-7.0,60.0,2.0,28.0,1.0,134.0,-10.0,110.0,20.0,-7.0,112.0,11.0,-6.0,-75.0,50.0,7.0,2.0,7.0,28.0,6.0,28.0,10.0,0.0,10.0,7.0,1.0,7.0,6.0,1.0,6.0,-28.0,21.0,11.0,42.0,-39.0,174.0,-29.0,110.0,38.0,2.0,114.0,52.0,-6.0,-75.0,50.0,28.0,1.0,28.0,42.0,5.0,42.0,29.0,1.0,29.0,2.0,1.0,2.0,6.0,1.0,6.0,2
-7.0,62.0,7.0,41.0,7.0,122.0,-10.0,110.0,19.0,-7.0,111.0,10.0,-5.0,-76.0,50.0,7.0,0.0,7.0,41.0,0.0,41.0,10.0,0.0,10.0,7.0,0.0,7.0,7.0,0.0,7.0,-28.0,22.0,16.0,55.0,-34.0,162.0,-29.0,109.0,37.0,2.0,113.0,51.0,-5.0,-76.0,50.0,30.0,1.0,30.0,55.0,0.0,55.0,29.0,0.0,29.0,2.0,0.0,2.0,7.0,0.0,7.0,2
-7.0,62.0,2.0,47.0,7.0,114.0,-10.0,110.0,18.0,-6.0,111.0,9.0,-6.0,-76.0,49.0,7.0,0.0,7.0,39.0,1.0,39.0,10.0,0.0,10.0,6.0,0.0,6.0,6.0,1.0,6.0,-29.0,23.0,11.0,60.0,-34.0,153.0,-29.0,109.0,37.0,3.0,113.0,50.0,-6.0,-76.0,49.0,29.0,0.0,29.0,54.0,1.0,54.0,29.0,0.0,29.0,3.0,0.0,3.0,6.0,1.0,6.0,2
-7.0,62.0,-4.0,43.0,8.0,120.0,-10.0,110.0,22.0,-5.0,111.0,12.0,-5.0,-75.0,50.0,7.0,0.0,7.0,31.0,3.0,31.0,10.0,1.0,10.0,5.0,0.0,5.0,7.0,0.0,7.0,-29.0,23.0,8.0,57.0,-33.0,158.0,-29.0,109.0,42.0,4.0,113.0,52.0,-5.0,-75.0,50.0,29.0,0.0,29.0,43.0,2.0,43.0,29.0,1.0,29.0,4.0,0.0,4.0,7.0,0.0,7.0,2
-6.0,62.0,-1.0,37.0,5.0,131.0,-9.0,111.0,20.0,-5.0,111.0,12.0,-6.0,-75.0,49.0,8.0,1.0,8.0,13.0,1.0,13.0,11.0,0.0,11.0,7.0,0.0,7.0,6.0,0.0,6.0,-28.0,23.0,10.0,50.0,-35.0,169.0,-28.0,110.0,40.0,4.0,113.0,52.0,-6.0,-75.0,49.0,30.0,0.0,30.0,28.0,1.0,28.0,28.0,0.0,28.0,4.0,0.0,4.0,6.0,0.0,6.0,2
-7.0,63.0,-3.0,25.0,6.0,141.0,-10.0,111.0,18.0,-6.0,111.0,13.0,-6.0,-75.0,50.0,7.0,1.0,7.0,23.0,8.0,23.0,12.0,1.0,12.0,8.0,0.0,8.0,6.0,1.0,6.0,-29.0,23.0,10.0,39.0,-34.0,179.0,-28.0,110.0,38.0,4.0,113.0,52.0,-6.0,-75.0,50.0,29.0,2.0,29.0,11.0,8.0,11.0,32.0,0.0,32.0,2.0,0.0,2.0,6.0,1.0,6.0,2
-7.0,64.0,8.0,1.0,-2.0,149.0,-11.0,110.0,19.0,-7.0,111.0,7.0,-5.0,-76.0,49.0,7.0,1.0,7.0,13.0,2.0,13.0,15.0,0.0,15.0,9.0,1.0,9.0,11.0,0.0,11.0,-28.0,25.0,19.0,14.0,-42.0,196.0,-30.0,110.0,34.0,1.0,113.0,50.0,-5.0,-76.0,49.0,30.0,0.0,30.0,10.0,0.0,10.0,34.0,1.0,34.0,3.0,1.0,3.0,11.0,0.0,11.0,2
-4.0,63.0,11.0,-6.0,0.0,134.0,-13.0,110.0,20.0,-8.0,110.0,7.0,-8.0,-76.0,48.0,4.0,0.0,4.0,42.0,2.0,42.0,13.0,0.0,13.0,8.0,0.0,8.0,8.0,1.0,8.0,-29.0,25.0,15.0,2.0,-42.0,176.0,-32.0,109.0,34.0,-1.0,112.0,50.0,-8.0,-76.0,48.0,29.0,2.0,29.0,34.0,3.0,34.0,32.0,1.0,32.0,1.0,1.0,1.0,8.0,1.0,8.0,2
-4.0,63.0,17.0,-24.0,2.0,142.0,-13.0,110.0,21.0,-8.0,110.0,5.0,-6.0,-75.0,48.0,6.0,1.0,6.0,54.0,2.0,54.0,15.0,0.0,15.0,10.0,0.0,10.0,8.0,0.0,8.0,-28.0,27.0,21.0,-16.0,-39.0,187.0,-32.0,110.0,34.0,0.0,113.0,48.0,-6.0,-75.0,48.0,28.0,2.0,28.0,44.0,2.0,44.0,34.0,0.0,34.0,4.0,0.0,4.0,8.0,0.0,8.0,2
-5.0,62.0,16.0,-39.0,4.0,129.0,-14.0,110.0,20.0,-9.0,110.0,4.0,-7.0,-75.0,46.0,7.0,1.0,7.0,39.0,1.0,39.0,16.0,0.0,16.0,9.0,1.0,9.0,7.0,0.0,7.0,-28.0,25.0,18.0,-30.0,-37.0,174.0,-33.0,110.0,31.0,-2.0,113.0,47.0,-7.0,-75.0,46.0,30.0,1.0,30.0,30.0,1.0,30.0,35.0,1.0,35.0,2.0,1.0,2.0,7.0,0.0,7.0,2
-6.0,61.0,14.0,-38.0,3.0,129.0,-15.0,110.0,20.0,-8.0,109.0,3.0,-7.0,-75.0,46.0,6.0,1.0,6.0,38.0,1.0,38.0,15.0,1.0,15.0,8.0,1.0,8.0,7.0,0.0,7.0,-29.0,24.0,17.0,-30.0,-38.0,175.0,-34.0,109.0,32.0,-2.0,112.0,47.0,-7.0,-75.0,46.0,29.0,1.0,29.0,30.0,0.0,30.0,34.0,0.0,34.0,2.0,1.0,2.0,7.0,0.0,7.0,2
-6.0,62.0,17.0,-30.0,2.0,135.0,-14.0,109.0,19.0,-8.0,110.0,6.0,-7.0,-75.0,44.0,8.0,2.0,8.0,30.0,10.0,30.0,14.0,2.0,14.0,8.0,1.0,8.0,7.0,1.0,7.0,-29.0,25.0,19.0,-21.0,-38.0,179.0,-33.0,109.0,31.0,-2.0,113.0,49.0,-7.0,-75.0,44.0,29.0,6.0,29.0,21.0,9.0,21.0,33.0,1.0,33.0,2.0,0.0,2.0,7.0,1.0,7.0,2
-7.0,60.0,0.0,-10.0,12.0,142.0,-10.0,111.0,19.0,-6.0,111.0,12.0,-4.0,-76.0,50.0,7.0,2.0,7.0,10.0,8.0,10.0,10.0,0.0,10.0,6.0,0.0,6.0,4.0,2.0,4.0,-28.0,19.0,7.0,4.0,-29.0,179.0,-28.0,110.0,38.0,4.0,113.0,53.0,-4.0,-76.0,50.0,28.0,4.0,28.0,4.0,10.0,4.0,28.0,1.0,28.0,4.0,1.0,4.0,4.0,2.0,4.0,2
-7.0,62.0,4.0,4.0,20.0,139.0,-10.0,111.0,19.0,-6.0,111.0,12.0,-4.0,-74.0,51.0,7.0,0.0,7.0,4.0,13.0,4.0,10.0,0.0,10.0,6.0,0.0,6.0,6.0,0.0,6.0,-28.0,23.0,12.0,19.0,-19.0,175.0,-28.0,111.0,39.0,4.0,114.0,52.0,-4.0,-74.0,51.0,30.0,0.0,30.0,19.0,12.0,19.0,30.0,1.0,30.0,2.0,1.0,2.0,6.0,0.0,6.0,2
-7.0,62.0,6.0,16.0,33.0,126.0,-10.0,111.0,20.0,-6.0,111.0,12.0,-5.0,-74.0,50.0,7.0,1.0,7.0,16.0,15.0,16.0,10.0,0.0,10.0,6.0,1.0,6.0,5.0,0.0,5.0,-29.0,23.0,13.0,29.0,-7.0,161.0,-29.0,110.0,39.0,3.0,113.0,53.0,-5.0,-74.0,50.0,29.0,1.0,29.0,29.0,15.0,29.0,29.0,0.0,29.0,3.0,1.0,3.0,5.0,0.0,5.0,2
-5.0,63.0,9.0,22.0,48.0,93.0,-9.0,111.0,17.0,-5.0,112.0,15.0,-5.0,-74.0,53.0,5.0,0.0,5.0,20.0,12.0,20.0,9.0,0.0,9.0,5.0,0.0,5.0,7.0,1.0,7.0,-27.0,24.0,20.0,37.0,8.0,125.0,-27.0,110.0,40.0,6.0,114.0,54.0,-5.0,-74.0,53.0,29.0,0.0,29.0,33.0,12.0,33.0,27.0,0.0,27.0,6.0,0.0,6.0,7.0,1.0,7.0,2
-5.0,63.0,4.0,21.0,60.0,59.0,-9.0,111.0,14.0,-5.0,112.0,16.0,-6.0,-75.0,51.0,7.0,1.0,7.0,5.0,4.0,5.0,9.0,1.0,9.0,5.0,0.0,5.0,6.0,1.0,6.0,-28.0,24.0,18.0,35.0,20.0,89.0,-27.0,110.0,39.0,6.0,114.0,53.0,-6.0,-75.0,51.0,28.0,1.0,28.0,21.0,5.0,21.0,27.0,1.0,27.0,6.0,0.0,6.0,6.0,1.0,6.0,2
-6.0,64.0,1.0,13.0,64.0,27.0,-8.0,112.0,15.0,-5.0,112.0,17.0,-5.0,-74.0,52.0,6.0,1.0,6.0,11.0,1.0,11.0,8.0,0.0,8.0,5.0,0.0,5.0,5.0,1.0,5.0,-28.0,25.0,17.0,28.0,25.0,57.0,-26.0,111.0,40.0,7.0,114.0,53.0,-5.0,-74.0,52.0,28.0,0.0,28.0,10.0,1.0,10.0,26.0,2.0,26.0,7.0,1.0,7.0,5.0,1.0,5.0,2
-6.0,63.0,-4.0,1.0,65.0,1.0,-5.0,112.0,9.0,-2.0,112.0,20.0,-2.0,-73.0,52.0,6.0,1.0,6.0,1.0,0.0,1.0,9.0,0.0,9.0,4.0,1.0,4.0,2.0,0.0,2.0,-26.0,25.0,15.0,19.0,26.0,27.0,-22.0,113.0,38.0,11.0,115.0,53.0,-2.0,-73.0,52.0,28.0,1.0,28.0,19.0,0.0,19.0,24.0,0.0,24.0,11.0,1.0,11.0,2.0,0.0,2.0,2
-6.0,64.0,-1.0,2.0,65.0,1.0,-7.0,112.0,11.0,-3.0,111.0,20.0,-1.0,-73.0,54.0,6.0,1.0,6.0,2.0,1.0,2.0,7.0,0.0,7.0,3.0,0.0,3.0,1.0,0.0,1.0,-27.0,26.0,19.0,19.0,26.0,26.0,-23.0,113.0,40.0,11.0,114.0,53.0,-1.0,-73.0,54.0,27.0,0.0,27.0,19.0,1.0,19.0,23.0,0.0,23.0,11.0,0.0,11.0,1.0,0.0,1.0,2
-2.0,65.0,9.0,3.0,64.0,3.0,-5.0,112.0,7.0,-2.0,111.0,22.0,0.0,-73.0,53.0,4.0,1.0,4.0,3.0,0.0,3.0,5.0,1.0,5.0,2.0,1.0,2.0,0.0,0.0,0.0,-23.0,26.0,33.0,20.0,27.0,25.0,-21.0,113.0,39.0,12.0,114.0,53.0,0.0,-73.0,53.0,23.0,1.0,23.0,20.0,0.0,20.0,21.0,0.0,21.0,12.0,0.0,12.0,0.0,0.0,0.0,2
-3.0,66.0,10.0,6.0,64.0,12.0,-5.0,111.0,7.0,-2.0,112.0,24.0,2.0,-73.0,52.0,3.0,0.0,3.0,4.0,1.0,4.0,5.0,0.0,5.0,2.0,0.0,2.0,2.0,0.0,2.0,-23.0,27.0,35.0,24.0,27.0,31.0,-20.0,113.0,40.0,13.0,114.0,53.0,2.0,-73.0,52.0,23.0,0.0,23.0,22.0,1.0,22.0,20.0,0.0,20.0,13.0,0.0,13.0,2.0,0.0,2.0,2
-3.0,66.0,6.0,5.0,65.0,13.0,-5.0,111.0,7.0,-2.0,112.0,24.0,2.0,-73.0,55.0,5.0,0.0,5.0,1.0,0.0,1.0,7.0,0.0,7.0,2.0,0.0,2.0,2.0,0.0,2.0,-23.0,27.0,33.0,23.0,28.0,34.0,-20.0,113.0,41.0,13.0,114.0,53.0,2.0,-73.0,55.0,23.0,0.0,23.0,21.0,0.0,21.0,22.0,1.0,22.0,13.0,0.0,13.0,2.0,0.0,2.0,2
-4.0,66.0,14.0,3.0,65.0,15.0,-6.0,111.0,10.0,-2.0,112.0,25.0,2.0,-73.0,53.0,-4.0,66.0,-4.0,3.0,65.0,3.0,-6.0,111.0,-6.0,-2.0,112.0,-2.0,2.0,-73.0,2.0,-23.0,27.0,40.0,22.0,28.0,34.0,-21.0,114.0,43.0,13.0,114.0,53.0,2.0,-73.0,53.0,-23.0,27.0,-23.0,22.0,28.0,22.0,-21.0,114.0,-21.0,13.0,114.0,13.0,2.0,-73.0,2.0,2
