left_arm_local_X,left_arm_local_Y,left_arm_local_Z,right_arm_local_X,right_arm_local_Y,right_arm_local_Z,left_leg_local_X,left_leg_local_Y,left_leg_local_Z,right_leg_local_X,right_leg_local_Y,right_leg_local_Z,waist_head_local_X,waist_head_local_Y,waist_head_local_Z,left_arm_local_distX,left_arm_local__distY,left_arm_local__distZ,right_arm_local__distX,right_arm_local__distY,right_arm_local__distZ,left_leg_local__distX,left_leg_local__distY,left_leg_local__distZ,right_leg_local__distX,right_leg_local__distY,right_leg_local__distZ,waist_head_local__distX,waist_head_local__distY,waist_head_local__distZ,left_arm_global_X,left_arm_global_Y,left_arm_global_Z,right_arm_global_X,right_arm_global_Y,right_arm_global_Z,left_leg_global_X,left_leg_global_Y,left_leg_global_Z,right_leg_global_X,right_leg_global_Y,right_leg_global_Z,waist_head_global_X,waist_head_global_Y,waist_head_global_Z,left_arm_global_distX,left_arm_global__distY,left_arm_global__distZ,right_arm_global__distX,right_arm_global__distY,right_arm_global__distZ,left_leg_global__distX,left_leg_global__distY,left_leg_global__distZ,right_leg_global__distX,right_leg_global__distY,right_global__leg_distZ,waist_head_global__distX,waist_head_global__distY,waist_head_global__distZ,label
-3.0,73.0,47.0,3.0,75.0,6.0,12.0,110.0,-26.0,-7.0,110.0,-19.0,-2.0,-67.0,45.0,3.0,1.0,3.0,3.0,3.0,3.0,12.0,7.0,12.0,29.0,1.0,29.0,2.0,0.0,2.0,-26.0,40.0,52.0,25.0,42.0,23.0,-9.0,107.0,1.0,9.0,109.0,19.0,-2.0,-67.0,45.0,26.0,1.0,26.0,19.0,3.0,19.0,9.0,6.0,9.0,13.0,1.0,13.0,2.0,0.0,2.0,3
-2.0,72.0,46.0,0.0,72.0,16.0,14.0,117.0,-1.0,-18.0,111.0,-1.0,-2.0,-67.0,43.0,2.0,0.0,2.0,0.0,0.0,0.0,12.0,2.0,12.0,46.0,3.0,46.0,2.0,0.0,2.0,-24.0,39.0,51.0,22.0,39.0,31.0,-7.0,113.0,26.0,-2.0,110.0,37.0,-2.0,-67.0,43.0,24.0,0.0,24.0,22.0,1.0,22.0,31.0,4.0,31.0,26.0,4.0,26.0,2.0,0.0,2.0,3
-2.0,72.0,42.0,1.0,72.0,18.0,1.0,119.0,14.0,-32.0,108.0,13.0,-1.0,-67.0,43.0,2.0,0.0,2.0,1.0,0.0,1.0,1.0,2.0,1.0,32.0,3.0,32.0,3.0,0.0,3.0,-23.0,39.0,48.0,24.0,40.0,33.0,-19.0,117.0,46.0,-14.0,106.0,46.0,-1.0,-67.0,43.0,25.0,1.0,25.0,18.0,0.0,18.0,19.0,1.0,19.0,14.0,2.0,14.0,3.0,0.0,3.0,3
-1.0,72.0,42.0,0.0,72.0,14.0,8.0,117.0,-5.0,-29.0,111.0,0.0,-2.0,-67.0,42.0,3.0,0.0,3.0,0.0,1.0,0.0,6.0,1.0,6.0,29.0,1.0,29.0,2.0,2.0,2.0,-24.0,40.0,48.0,21.0,40.0,29.0,-13.0,116.0,25.0,-12.0,108.0,34.0,-2.0,-67.0,42.0,26.0,0.0,26.0,21.0,1.0,21.0,15.0,1.0,15.0,12.0,1.0,12.0,2.0,2.0,2.0,3
-2.0,72.0,42.0,0.0,71.0,18.0,7.0,118.0,0.0,-27.0,112.0,-2.0,-1.0,-65.0,42.0,2.0,0.0,2.0,2.0,0.0,2.0,3.0,1.0,3.0,35.0,2.0,35.0,1.0,0.0,1.0,-25.0,40.0,47.0,21.0,39.0,34.0,-14.0,117.0,30.0,-10.0,109.0,34.0,-1.0,-65.0,42.0,25.0,0.0,25.0,21.0,0.0,21.0,16.0,0.0,16.0,18.0,2.0,18.0,1.0,0.0,1.0,3
-2.0,72.0,38.0,-1.0,71.0,18.0,5.0,119.0,2.0,-31.0,110.0,3.0,0.0,-65.0,38.0,4.0,1.0,4.0,1.0,0.0,1.0,1.0,1.0,1.0,31.0,2.0,31.0,4.0,1.0,4.0,-25.0,40.0,46.0,21.0,39.0,34.0,-15.0,117.0,32.0,-14.0,107.0,38.0,0.0,-65.0,38.0,27.0,1.0,27.0,21.0,0.0,21.0,23.0,0.0,23.0,14.0,2.0,14.0,4.0,1.0,4.0,3
-3.0,71.0,40.0,-1.0,71.0,18.0,2.0,118.0,4.0,-30.0,112.0,-3.0,-2.0,-66.0,43.0,5.0,0.0,5.0,1.0,1.0,1.0,2.0,0.0,2.0,30.0,1.0,30.0,2.0,1.0,2.0,-26.0,39.0,45.0,21.0,39.0,34.0,-19.0,117.0,32.0,-13.0,109.0,34.0,-2.0,-66.0,43.0,28.0,0.0,28.0,21.0,1.0,21.0,19.0,0.0,19.0,13.0,1.0,13.0,2.0,1.0,2.0,3
-4.0,71.0,41.0,0.0,70.0,18.0,4.0,118.0,8.0,-25.0,113.0,-3.0,-2.0,-67.0,45.0,4.0,0.0,4.0,0.0,1.0,0.0,2.0,0.0,2.0,25.0,1.0,25.0,2.0,1.0,2.0,-27.0,39.0,46.0,21.0,38.0,36.0,-17.0,117.0,36.0,-9.0,110.0,35.0,-2.0,-67.0,45.0,27.0,0.0,27.0,19.0,1.0,19.0,21.0,0.0,21.0,9.0,1.0,9.0,2.0,1.0,2.0,3
-4.0,71.0,41.0,0.0,71.0,16.0,3.0,118.0,11.0,-22.0,114.0,-4.0,-2.0,-66.0,42.0,4.0,0.0,4.0,2.0,1.0,2.0,3.0,1.0,3.0,28.0,1.0,28.0,2.0,1.0,2.0,-27.0,39.0,43.0,20.0,39.0,34.0,-19.0,117.0,37.0,-7.0,111.0,34.0,-2.0,-66.0,42.0,27.0,1.0,27.0,20.0,2.0,20.0,19.0,0.0,19.0,11.0,2.0,11.0,2.0,1.0,2.0,3
-4.0,71.0,40.0,-1.0,70.0,25.0,3.0,119.0,14.0,-25.0,113.0,1.0,-1.0,-67.0,45.0,8.0,1.0,8.0,1.0,2.0,1.0,1.0,0.0,1.0,25.0,2.0,25.0,3.0,1.0,3.0,-26.0,38.0,44.0,21.0,37.0,42.0,-18.0,117.0,42.0,-9.0,109.0,37.0,-1.0,-67.0,45.0,30.0,0.0,30.0,21.0,1.0,21.0,22.0,1.0,22.0,9.0,3.0,9.0,3.0,1.0,3.0,3
-6.0,70.0,44.0,5.0,68.0,35.0,1.0,119.0,17.0,-21.0,115.0,-2.0,-2.0,-66.0,45.0,6.0,1.0,6.0,5.0,11.0,5.0,1.0,0.0,1.0,21.0,2.0,21.0,2.0,0.0,2.0,-28.0,38.0,46.0,27.0,36.0,51.0,-20.0,118.0,44.0,-5.0,112.0,35.0,-2.0,-66.0,45.0,28.0,0.0,28.0,27.0,11.0,27.0,20.0,0.0,20.0,5.0,2.0,5.0,2.0,0.0,2.0,3
-5.0,71.0,38.0,20.0,57.0,72.0,2.0,119.0,16.0,-18.0,117.0,7.0,-2.0,-66.0,42.0,5.0,0.0,5.0,20.0,44.0,20.0,2.0,1.0,2.0,28.0,1.0,28.0,2.0,3.0,2.0,-27.0,38.0,45.0,42.0,25.0,88.0,-19.0,118.0,46.0,-1.0,114.0,43.0,-2.0,-66.0,42.0,27.0,1.0,27.0,42.0,46.0,42.0,19.0,2.0,19.0,7.0,0.0,7.0,2.0,3.0,2.0,3
-4.0,71.0,24.0,29.0,13.0,110.0,3.0,120.0,15.0,-23.0,116.0,27.0,-2.0,-69.0,47.0,4.0,0.0,4.0,29.0,24.0,29.0,3.0,0.0,3.0,33.0,0.0,33.0,8.0,1.0,8.0,-27.0,37.0,47.0,51.0,-21.0,120.0,-15.0,116.0,52.0,-4.0,114.0,55.0,-2.0,-69.0,47.0,31.0,0.0,31.0,49.0,25.0,49.0,23.0,0.0,23.0,14.0,0.0,14.0,8.0,1.0,8.0,3
-4.0,71.0,13.0,29.0,-11.0,90.0,0.0,120.0,18.0,-28.0,116.0,30.0,-5.0,-70.0,52.0,8.0,0.0,8.0,17.0,13.0,17.0,6.0,0.0,6.0,32.0,0.0,32.0,15.0,1.0,15.0,-29.0,37.0,39.0,50.0,-46.0,108.0,-19.0,116.0,53.0,-9.0,114.0,60.0,-5.0,-70.0,52.0,37.0,1.0,37.0,32.0,13.0,32.0,27.0,1.0,27.0,17.0,0.0,17.0,15.0,1.0,15.0,3
-6.0,71.0,12.0,23.0,-24.0,77.0,-3.0,120.0,21.0,-30.0,116.0,18.0,-10.0,-69.0,54.0,6.0,1.0,6.0,13.0,20.0,13.0,11.0,1.0,11.0,30.0,0.0,30.0,18.0,1.0,18.0,-33.0,38.0,34.0,41.0,-59.0,103.0,-23.0,117.0,52.0,-13.0,114.0,52.0,-10.0,-69.0,54.0,37.0,1.0,37.0,27.0,21.0,27.0,33.0,1.0,33.0,15.0,2.0,15.0,18.0,1.0,18.0,3
-6.0,70.0,9.0,18.0,-44.0,64.0,-7.0,119.0,26.0,-29.0,116.0,9.0,-14.0,-68.0,54.0,6.0,1.0,6.0,16.0,6.0,16.0,21.0,0.0,21.0,29.0,1.0,29.0,26.0,0.0,26.0,-35.0,39.0,30.0,34.0,-80.0,106.0,-28.0,118.0,50.0,-14.0,116.0,49.0,-14.0,-68.0,54.0,41.0,3.0,41.0,20.0,7.0,20.0,44.0,1.0,44.0,14.0,2.0,14.0,26.0,0.0,26.0,3
-6.0,71.0,2.0,17.0,-50.0,50.0,-14.0,119.0,31.0,-24.0,117.0,4.0,-20.0,-68.0,55.0,6.0,2.0,6.0,17.0,1.0,17.0,20.0,2.0,20.0,24.0,0.0,24.0,28.0,1.0,28.0,-38.0,42.0,14.0,27.0,-87.0,102.0,-36.0,117.0,47.0,-11.0,118.0,50.0,-20.0,-68.0,55.0,38.0,0.0,38.0,27.0,1.0,27.0,42.0,0.0,42.0,13.0,1.0,13.0,28.0,1.0,28.0,3
-4.0,69.0,-4.0,21.0,-51.0,47.0,-17.0,117.0,31.0,-22.0,117.0,-2.0,-24.0,-67.0,55.0,4.0,1.0,4.0,21.0,8.0,21.0,23.0,5.0,23.0,22.0,4.0,22.0,24.0,0.0,24.0,-36.0,42.0,3.0,27.0,-86.0,106.0,-39.0,117.0,40.0,-12.0,119.0,47.0,-24.0,-67.0,55.0,36.0,0.0,36.0,19.0,8.0,19.0,45.0,0.0,45.0,20.0,5.0,20.0,24.0,0.0,24.0,3
0.0,68.0,-20.0,21.0,-43.0,94.0,-20.0,112.0,32.0,-20.0,113.0,-38.0,-24.0,-67.0,52.0,0.0,2.0,0.0,23.0,39.0,23.0,20.0,0.0,20.0,20.0,0.0,20.0,34.0,3.0,34.0,-30.0,42.0,-30.0,23.0,-78.0,156.0,-42.0,117.0,27.0,-16.0,114.0,15.0,-24.0,-67.0,52.0,30.0,3.0,30.0,15.0,40.0,15.0,42.0,1.0,42.0,16.0,1.0,16.0,34.0,3.0,34.0,3
4.0,66.0,-42.0,-1.0,-4.0,136.0,-18.0,112.0,29.0,-18.0,113.0,-33.0,-29.0,-64.0,50.0,4.0,1.0,4.0,57.0,48.0,57.0,32.0,0.0,32.0,24.0,9.0,24.0,33.0,3.0,33.0,-23.0,39.0,-51.0,4.0,-38.0,199.0,-40.0,116.0,25.0,-13.0,115.0,20.0,-29.0,-64.0,50.0,23.0,2.0,23.0,80.0,50.0,80.0,48.0,1.0,48.0,39.0,6.0,39.0,33.0,3.0,33.0,3
5.0,65.0,-33.0,-29.0,44.0,130.0,-25.0,112.0,28.0,-21.0,104.0,-50.0,-31.0,-61.0,45.0,5.0,4.0,5.0,47.0,26.0,47.0,43.0,2.0,43.0,25.0,3.0,25.0,51.0,2.0,51.0,-21.0,41.0,-68.0,-38.0,12.0,190.0,-44.0,115.0,4.0,-26.0,109.0,3.0,-31.0,-61.0,45.0,21.0,8.0,21.0,72.0,26.0,72.0,62.0,4.0,62.0,34.0,1.0,34.0,51.0,2.0,51.0,3
17.0,61.0,-56.0,-38.0,70.0,71.0,-34.0,110.0,39.0,-23.0,107.0,-37.0,-41.0,-63.0,63.0,17.0,3.0,17.0,38.0,3.0,38.0,34.0,1.0,34.0,23.0,1.0,23.0,45.0,0.0,45.0,-13.0,33.0,-84.0,-55.0,38.0,142.0,-53.0,111.0,11.0,-30.0,110.0,15.0,-41.0,-63.0,63.0,13.0,3.0,13.0,57.0,3.0,57.0,53.0,1.0,53.0,30.0,1.0,30.0,45.0,0.0,45.0,3
22.0,58.0,-60.0,-36.0,73.0,46.0,-34.0,109.0,34.0,-20.0,108.0,-44.0,-43.0,-63.0,68.0,22.0,0.0,22.0,36.0,1.0,36.0,34.0,1.0,34.0,20.0,1.0,20.0,45.0,3.0,45.0,-9.0,30.0,-90.0,-56.0,41.0,116.0,-51.0,110.0,1.0,-29.0,111.0,6.0,-43.0,-63.0,68.0,9.0,1.0,9.0,56.0,2.0,56.0,51.0,1.0,51.0,29.0,1.0,29.0,45.0,3.0,45.0,3
23.0,58.0,-60.0,-36.0,74.0,34.0,-32.0,108.0,31.0,-19.0,109.0,-51.0,-44.0,-60.0,68.0,23.0,2.0,23.0,38.0,1.0,38.0,34.0,0.0,34.0,19.0,1.0,19.0,44.0,0.0,44.0,-7.0,31.0,-91.0,-56.0,43.0,104.0,-49.0,111.0,-2.0,-28.0,112.0,-1.0,-44.0,-60.0,68.0,7.0,2.0,7.0,56.0,0.0,56.0,49.0,1.0,49.0,28.0,1.0,28.0,44.0,0.0,44.0,3
24.0,56.0,-67.0,-37.0,73.0,31.0,-33.0,108.0,33.0,-19.0,108.0,-54.0,-44.0,-60.0,62.0,22.0,1.0,22.0,37.0,0.0,37.0,35.0,1.0,35.0,25.0,3.0,25.0,44.0,1.0,44.0,-4.0,29.0,-99.0,-56.0,43.0,100.0,-49.0,112.0,0.0,-28.0,111.0,-4.0,-44.0,-60.0,62.0,8.0,0.0,8.0,58.0,1.0,58.0,53.0,1.0,53.0,36.0,4.0,36.0,44.0,1.0,44.0,3
23.0,57.0,-65.0,-37.0,73.0,38.0,-34.0,107.0,33.0,-22.0,105.0,-58.0,-44.0,-61.0,63.0,19.0,1.0,19.0,39.0,2.0,39.0,36.0,1.0,36.0,22.0,0.0,22.0,44.0,1.0,44.0,-6.0,29.0,-98.0,-57.0,42.0,106.0,-51.0,111.0,-1.0,-32.0,107.0,-8.0,-44.0,-61.0,63.0,8.0,2.0,8.0,57.0,3.0,57.0,53.0,0.0,53.0,32.0,0.0,32.0,44.0,1.0,44.0,3
21.0,58.0,-60.0,-38.0,71.0,48.0,-35.0,106.0,35.0,-22.0,105.0,-56.0,-40.0,-62.0,65.0,7.0,4.0,7.0,38.0,2.0,38.0,35.0,2.0,35.0,22.0,3.0,22.0,40.0,2.0,40.0,-7.0,31.0,-93.0,-55.0,39.0,115.0,-52.0,111.0,3.0,-31.0,107.0,-6.0,-40.0,-62.0,65.0,21.0,3.0,21.0,55.0,5.0,55.0,52.0,1.0,52.0,31.0,0.0,31.0,40.0,2.0,40.0,3
14.0,62.0,-47.0,-35.0,69.0,64.0,-31.0,108.0,33.0,-19.0,108.0,-58.0,-38.0,-64.0,61.0,10.0,3.0,10.0,39.0,6.0,39.0,31.0,2.0,31.0,19.0,3.0,19.0,38.0,1.0,38.0,-14.0,34.0,-83.0,-52.0,34.0,128.0,-49.0,112.0,3.0,-28.0,107.0,-7.0,-38.0,-64.0,61.0,36.0,5.0,36.0,52.0,4.0,52.0,49.0,2.0,49.0,28.0,5.0,28.0,38.0,1.0,38.0,3
2.0,65.0,-36.0,-37.0,63.0,76.0,-27.0,110.0,36.0,-19.0,111.0,-45.0,-32.0,-63.0,61.0,2.0,1.0,2.0,37.0,2.0,37.0,27.0,2.0,27.0,19.0,3.0,19.0,32.0,2.0,32.0,-25.0,39.0,-65.0,-46.0,30.0,140.0,-46.0,114.0,13.0,-24.0,112.0,9.0,-32.0,-63.0,61.0,25.0,4.0,25.0,46.0,5.0,46.0,46.0,2.0,46.0,24.0,5.0,24.0,32.0,2.0,32.0,3
6.0,66.0,-24.0,-29.0,61.0,83.0,-21.0,112.0,32.0,-19.0,114.0,-34.0,-27.0,-65.0,47.0,12.0,2.0,12.0,29.0,0.0,29.0,21.0,1.0,21.0,19.0,1.0,19.0,27.0,2.0,27.0,-22.0,43.0,-55.0,-34.0,25.0,136.0,-42.0,116.0,18.0,-19.0,117.0,20.0,-27.0,-65.0,47.0,36.0,3.0,36.0,34.0,0.0,34.0,42.0,3.0,42.0,19.0,1.0,19.0,27.0,2.0,27.0,3
-3.0,68.0,0.0,-12.0,61.0,88.0,-12.0,113.0,23.0,-19.0,115.0,-30.0,-18.0,-63.0,47.0,13.0,1.0,13.0,12.0,2.0,12.0,12.0,2.0,12.0,23.0,0.0,23.0,18.0,1.0,18.0,-29.0,46.0,-35.0,-11.0,25.0,130.0,-34.0,119.0,14.0,-18.0,116.0,24.0,-18.0,-63.0,47.0,39.0,3.0,39.0,11.0,0.0,11.0,34.0,1.0,34.0,20.0,3.0,20.0,18.0,1.0,18.0,3
-8.0,67.0,11.0,0.0,63.0,78.0,-11.0,115.0,22.0,-21.0,115.0,-13.0,-14.0,-64.0,47.0,14.0,2.0,14.0,0.0,3.0,0.0,11.0,1.0,11.0,21.0,1.0,21.0,14.0,3.0,14.0,-34.0,43.0,-22.0,3.0,25.0,117.0,-33.0,118.0,16.0,-19.0,113.0,40.0,-14.0,-64.0,47.0,38.0,1.0,38.0,3.0,3.0,3.0,33.0,1.0,33.0,19.0,0.0,19.0,14.0,3.0,14.0,3
-11.0,69.0,34.0,4.0,66.0,65.0,-5.0,116.0,21.0,-20.0,116.0,2.0,-13.0,-67.0,47.0,11.0,1.0,11.0,4.0,7.0,4.0,5.0,3.0,5.0,20.0,0.0,20.0,13.0,1.0,13.0,-36.0,42.0,10.0,12.0,28.0,104.0,-27.0,117.0,21.0,-14.0,113.0,54.0,-13.0,-67.0,47.0,36.0,1.0,36.0,12.0,8.0,12.0,27.0,4.0,27.0,14.0,2.0,14.0,13.0,1.0,13.0,3
-6.0,70.0,48.0,10.0,73.0,36.0,6.0,113.0,1.0,-19.0,116.0,4.0,-10.0,-68.0,43.0,12.0,2.0,12.0,10.0,0.0,10.0,14.0,2.0,14.0,19.0,1.0,19.0,10.0,0.0,10.0,-32.0,41.0,31.0,21.0,36.0,70.0,-17.0,113.0,5.0,-12.0,111.0,54.0,-10.0,-68.0,43.0,38.0,2.0,38.0,21.0,0.0,21.0,35.0,3.0,35.0,12.0,2.0,12.0,10.0,0.0,10.0,3
-9.0,72.0,45.0,10.0,73.0,21.0,-4.0,111.0,-17.0,-16.0,117.0,11.0,-7.0,-68.0,49.0,9.0,0.0,9.0,8.0,1.0,8.0,4.0,4.0,4.0,16.0,1.0,16.0,7.0,1.0,7.0,-35.0,43.0,40.0,24.0,36.0,52.0,-26.0,110.0,-2.0,-4.0,113.0,56.0,-7.0,-68.0,49.0,35.0,2.0,35.0,16.0,5.0,16.0,26.0,5.0,26.0,4.0,2.0,4.0,7.0,1.0,7.0,3
-3.0,72.0,53.0,1.0,74.0,9.0,1.0,115.0,-8.0,-13.0,118.0,16.0,-4.0,-67.0,43.0,-3.0,72.0,-3.0,1.0,74.0,1.0,1.0,115.0,1.0,-13.0,118.0,-13.0,-4.0,-67.0,-4.0,-26.0,41.0,52.0,20.0,41.0,32.0,-21.0,115.0,15.0,2.0,115.0,57.0,-4.0,-67.0,43.0,-26.0,41.0,-26.0,20.0,41.0,20.0,-21.0,115.0,-21.0,2.0,115.0,2.0,-4.0,-67.0,-4.0,3
