left_arm_local_X,left_arm_local_Y,left_arm_local_Z,right_arm_local_X,right_arm_local_Y,right_arm_local_Z,left_leg_local_X,left_leg_local_Y,left_leg_local_Z,right_leg_local_X,right_leg_local_Y,right_leg_local_Z,waist_head_local_X,waist_head_local_Y,waist_head_local_Z,left_arm_local_distX,left_arm_local__distY,left_arm_local__distZ,right_arm_local__distX,right_arm_local__distY,right_arm_local__distZ,left_leg_local__distX,left_leg_local__distY,left_leg_local__distZ,right_leg_local__distX,right_leg_local__distY,right_leg_local__distZ,waist_head_local__distX,waist_head_local__distY,waist_head_local__distZ,left_arm_global_X,left_arm_global_Y,left_arm_global_Z,right_arm_global_X,right_arm_global_Y,right_arm_global_Z,left_leg_global_X,left_leg_global_Y,left_leg_global_Z,right_leg_global_X,right_leg_global_Y,right_leg_global_Z,waist_head_global_X,waist_head_global_Y,waist_head_global_Z,left_arm_global_distX,left_arm_global__distY,left_arm_global__distZ,right_arm_global__distX,right_arm_global__distY,right_arm_global__distZ,left_leg_global__distX,left_leg_global__distY,left_leg_global__distZ,right_leg_global__distX,right_leg_global__distY,right_global__leg_distZ,waist_head_global__distX,waist_head_global__distY,waist_head_global__distZ,label
-7.0,68.0,35.0,-21.0,63.0,62.0,1.0,106.0,25.0,-17.0,107.0,-10.0,-10.0,-74.0,57.0,7.0,1.0,7.0,21.0,0.0,21.0,1.0,1.0,1.0,17.0,1.0,17.0,10.0,0.0,10.0,-33.0,31.0,50.0,-8.0,24.0,100.0,-26.0,109.0,38.0,1.0,106.0,35.0,-10.0,-74.0,57.0,33.0,0.0,33.0,8.0,1.0,8.0,26.0,1.0,26.0,1.0,1.0,1.0,10.0,0.0,10.0,3
-4.0,67.0,15.0,-21.0,63.0,64.0,1.0,107.0,27.0,-15.0,108.0,-9.0,-9.0,-74.0,58.0,6.0,1.0,6.0,23.0,0.0,23.0,1.0,1.0,1.0,15.0,0.0,15.0,9.0,0.0,9.0,-29.0,31.0,29.0,-8.0,23.0,102.0,-25.0,110.0,40.0,3.0,107.0,35.0,-9.0,-74.0,58.0,31.0,0.0,31.0,8.0,0.0,8.0,25.0,1.0,25.0,3.0,0.0,3.0,9.0,0.0,9.0,3
-5.0,68.0,14.0,-22.0,63.0,71.0,2.0,106.0,22.0,-15.0,108.0,-6.0,-9.0,-74.0,61.0,7.0,1.0,7.0,22.0,1.0,22.0,2.0,1.0,2.0,15.0,0.0,15.0,9.0,0.0,9.0,-30.0,31.0,30.0,-8.0,23.0,110.0,-25.0,109.0,37.0,3.0,107.0,38.0,-9.0,-74.0,61.0,30.0,1.0,30.0,8.0,0.0,8.0,25.0,1.0,25.0,3.0,0.0,3.0,9.0,0.0,9.0,3
-6.0,67.0,6.0,-22.0,62.0,68.0,2.0,107.0,24.0,-15.0,108.0,-4.0,-7.0,-74.0,58.0,6.0,2.0,6.0,22.0,0.0,22.0,2.0,0.0,2.0,15.0,0.0,15.0,7.0,1.0,7.0,-30.0,30.0,24.0,-7.0,23.0,104.0,-24.0,110.0,41.0,5.0,107.0,38.0,-7.0,-74.0,58.0,32.0,2.0,32.0,7.0,1.0,7.0,24.0,1.0,24.0,5.0,1.0,5.0,7.0,1.0,7.0,3
-6.0,69.0,12.0,-19.0,62.0,66.0,4.0,107.0,17.0,-15.0,108.0,-2.0,-6.0,-73.0,56.0,14.0,2.0,14.0,19.0,0.0,19.0,4.0,0.0,4.0,15.0,1.0,15.0,6.0,0.0,6.0,-31.0,32.0,32.0,-4.0,24.0,97.0,-23.0,111.0,39.0,6.0,108.0,36.0,-6.0,-73.0,56.0,33.0,1.0,33.0,4.0,1.0,4.0,23.0,1.0,23.0,6.0,1.0,6.0,6.0,0.0,6.0,3
-10.0,71.0,12.0,-5.0,62.0,69.0,10.0,107.0,3.0,-10.0,109.0,15.0,-1.0,-73.0,55.0,20.0,1.0,20.0,5.0,2.0,5.0,10.0,0.0,10.0,10.0,1.0,10.0,1.0,1.0,1.0,-32.0,33.0,44.0,14.0,25.0,88.0,-14.0,110.0,41.0,15.0,109.0,37.0,-1.0,-73.0,55.0,36.0,0.0,36.0,14.0,1.0,14.0,14.0,0.0,14.0,15.0,1.0,15.0,1.0,1.0,1.0,3
-15.0,72.0,8.0,8.0,60.0,71.0,12.0,107.0,-5.0,-7.0,108.0,23.0,2.0,-74.0,52.0,17.0,0.0,17.0,8.0,21.0,8.0,12.0,0.0,12.0,7.0,0.0,7.0,2.0,1.0,2.0,-34.0,33.0,49.0,29.0,24.0,83.0,-10.0,110.0,41.0,19.0,108.0,35.0,2.0,-74.0,52.0,34.0,1.0,34.0,29.0,20.0,29.0,10.0,0.0,10.0,19.0,0.0,19.0,2.0,1.0,2.0,3
-16.0,72.0,11.0,27.0,39.0,71.0,13.0,107.0,-13.0,-2.0,108.0,30.0,6.0,-73.0,50.0,28.0,2.0,28.0,27.0,36.0,27.0,13.0,2.0,13.0,2.0,1.0,2.0,6.0,0.0,6.0,-33.0,32.0,55.0,49.0,4.0,74.0,-6.0,110.0,37.0,24.0,108.0,33.0,6.0,-73.0,50.0,33.0,3.0,33.0,49.0,36.0,49.0,6.0,1.0,6.0,24.0,2.0,24.0,6.0,0.0,6.0,3
-22.0,70.0,11.0,36.0,3.0,41.0,15.0,105.0,-27.0,5.0,107.0,38.0,14.0,-73.0,41.0,22.0,1.0,22.0,20.0,14.0,20.0,13.0,1.0,13.0,3.0,0.0,3.0,14.0,0.0,14.0,-32.0,29.0,61.0,59.0,-32.0,31.0,2.0,109.0,31.0,32.0,106.0,26.0,14.0,-73.0,41.0,32.0,2.0,32.0,41.0,13.0,41.0,2.0,0.0,2.0,30.0,0.0,30.0,14.0,0.0,14.0,3
-22.0,69.0,13.0,28.0,-11.0,22.0,14.0,106.0,-28.0,4.0,107.0,38.0,14.0,-73.0,41.0,22.0,1.0,22.0,14.0,4.0,14.0,12.0,0.0,12.0,4.0,1.0,4.0,12.0,0.0,12.0,-31.0,27.0,62.0,50.0,-45.0,8.0,3.0,109.0,30.0,31.0,106.0,22.0,14.0,-73.0,41.0,33.0,2.0,33.0,34.0,5.0,34.0,1.0,1.0,1.0,29.0,1.0,29.0,12.0,0.0,12.0,3
-22.0,68.0,13.0,21.0,-15.0,17.0,13.0,106.0,-28.0,4.0,106.0,38.0,13.0,-73.0,44.0,22.0,0.0,22.0,1.0,4.0,1.0,13.0,0.0,13.0,2.0,1.0,2.0,9.0,0.0,9.0,-32.0,25.0,63.0,42.0,-50.0,3.0,2.0,108.0,31.0,30.0,105.0,21.0,13.0,-73.0,44.0,38.0,1.0,38.0,22.0,6.0,22.0,4.0,0.0,4.0,28.0,0.0,28.0,9.0,0.0,9.0,3
-22.0,68.0,21.0,11.0,-19.0,20.0,14.0,106.0,-21.0,3.0,107.0,37.0,11.0,-73.0,56.0,22.0,1.0,22.0,1.0,2.0,1.0,12.0,1.0,12.0,11.0,2.0,11.0,1.0,1.0,1.0,-35.0,26.0,72.0,32.0,-56.0,14.0,-1.0,108.0,36.0,29.0,105.0,28.0,11.0,-73.0,56.0,39.0,1.0,39.0,22.0,1.0,22.0,13.0,3.0,13.0,15.0,2.0,15.0,1.0,1.0,1.0,3
-19.0,67.0,28.0,6.0,-21.0,30.0,13.0,107.0,-7.0,-4.0,109.0,27.0,5.0,-72.0,68.0,19.0,0.0,19.0,2.0,4.0,2.0,7.0,1.0,7.0,10.0,0.0,10.0,9.0,4.0,9.0,-37.0,27.0,74.0,27.0,-57.0,38.0,-7.0,111.0,42.0,22.0,107.0,33.0,5.0,-72.0,68.0,37.0,2.0,37.0,19.0,6.0,19.0,15.0,1.0,15.0,16.0,0.0,16.0,9.0,4.0,9.0,3
-16.0,67.0,18.0,4.0,-25.0,56.0,10.0,106.0,-3.0,-7.0,109.0,24.0,-2.0,-68.0,79.0,16.0,1.0,16.0,28.0,4.0,28.0,6.0,1.0,6.0,21.0,0.0,21.0,30.0,1.0,30.0,-36.0,29.0,62.0,23.0,-63.0,68.0,-11.0,110.0,42.0,19.0,107.0,36.0,-2.0,-68.0,79.0,44.0,2.0,44.0,19.0,4.0,19.0,35.0,1.0,35.0,3.0,1.0,3.0,30.0,1.0,30.0,3
-13.0,66.0,1.0,-12.0,-21.0,78.0,2.0,107.0,24.0,-14.0,109.0,10.0,-16.0,-67.0,91.0,13.0,0.0,13.0,36.0,38.0,36.0,12.0,1.0,12.0,20.0,2.0,20.0,32.0,0.0,32.0,-40.0,31.0,35.0,2.0,-59.0,122.0,-23.0,111.0,49.0,8.0,108.0,44.0,-16.0,-67.0,91.0,40.0,3.0,40.0,50.0,38.0,50.0,39.0,2.0,39.0,12.0,1.0,12.0,32.0,0.0,32.0,3
-5.0,66.0,-1.0,-24.0,17.0,88.0,-5.0,106.0,35.0,-17.0,107.0,-9.0,-24.0,-67.0,86.0,5.0,2.0,5.0,32.0,39.0,32.0,17.0,2.0,17.0,19.0,2.0,19.0,30.0,2.0,30.0,-38.0,34.0,13.0,-24.0,-21.0,148.0,-31.0,109.0,38.0,-2.0,109.0,41.0,-24.0,-67.0,86.0,38.0,2.0,38.0,40.0,38.0,40.0,41.0,1.0,41.0,12.0,2.0,12.0,30.0,2.0,30.0,3
2.0,64.0,-25.0,-28.0,56.0,86.0,-11.0,104.0,41.0,-18.0,105.0,-23.0,-27.0,-65.0,85.0,2.0,1.0,2.0,28.0,11.0,28.0,13.0,1.0,13.0,18.0,0.0,18.0,33.0,1.0,33.0,-31.0,32.0,-20.0,-32.0,17.0,146.0,-36.0,108.0,33.0,-7.0,107.0,33.0,-27.0,-65.0,85.0,31.0,0.0,31.0,36.0,12.0,36.0,38.0,0.0,38.0,9.0,0.0,9.0,33.0,1.0,33.0,3
5.0,63.0,-32.0,-28.0,67.0,63.0,-12.0,103.0,43.0,-18.0,105.0,-29.0,-30.0,-64.0,85.0,5.0,2.0,5.0,30.0,2.0,30.0,14.0,2.0,14.0,20.0,1.0,20.0,30.0,1.0,30.0,-27.0,32.0,-31.0,-34.0,29.0,126.0,-37.0,108.0,33.0,-8.0,107.0,28.0,-30.0,-64.0,85.0,27.0,3.0,27.0,34.0,2.0,34.0,37.0,1.0,37.0,10.0,0.0,10.0,30.0,1.0,30.0,3
5.0,61.0,-46.0,-29.0,65.0,71.0,-13.0,101.0,41.0,-19.0,106.0,-25.0,-30.0,-65.0,86.0,5.0,4.0,5.0,33.0,3.0,33.0,13.0,1.0,13.0,19.0,1.0,19.0,30.0,2.0,30.0,-27.0,29.0,-43.0,-34.0,27.0,135.0,-37.0,107.0,31.0,-9.0,107.0,32.0,-30.0,-65.0,86.0,27.0,4.0,27.0,36.0,4.0,36.0,37.0,1.0,37.0,9.0,1.0,9.0,30.0,2.0,30.0,3
7.0,65.0,-26.0,-31.0,62.0,74.0,-11.0,102.0,44.0,-18.0,105.0,-27.0,-29.0,-67.0,81.0,7.0,1.0,7.0,35.0,3.0,35.0,11.0,0.0,11.0,18.0,0.0,18.0,29.0,0.0,29.0,-26.0,33.0,-22.0,-35.0,23.0,136.0,-36.0,108.0,34.0,-8.0,106.0,30.0,-29.0,-67.0,81.0,38.0,1.0,38.0,35.0,3.0,35.0,36.0,1.0,36.0,8.0,0.0,8.0,29.0,0.0,29.0,3
0.0,64.0,-36.0,-33.0,59.0,82.0,-10.0,102.0,39.0,-18.0,105.0,-26.0,-27.0,-67.0,81.0,2.0,2.0,2.0,33.0,1.0,33.0,10.0,0.0,10.0,18.0,0.0,18.0,27.0,2.0,27.0,-32.0,32.0,-30.0,-34.0,20.0,141.0,-35.0,107.0,31.0,-8.0,106.0,30.0,-27.0,-67.0,81.0,32.0,2.0,32.0,34.0,2.0,34.0,35.0,0.0,35.0,8.0,0.0,8.0,27.0,2.0,27.0,3
-1.0,66.0,-21.0,-32.0,58.0,84.0,-9.0,102.0,37.0,-18.0,105.0,-24.0,-25.0,-69.0,78.0,13.0,2.0,13.0,32.0,2.0,32.0,9.0,1.0,9.0,18.0,2.0,18.0,25.0,0.0,25.0,-32.0,34.0,-14.0,-31.0,18.0,141.0,-34.0,107.0,31.0,-7.0,106.0,31.0,-25.0,-69.0,78.0,42.0,1.0,42.0,31.0,1.0,31.0,34.0,2.0,34.0,7.0,2.0,7.0,25.0,0.0,25.0,3
-7.0,68.0,2.0,-31.0,56.0,80.0,-6.0,103.0,31.0,-17.0,107.0,-18.0,-22.0,-69.0,75.0,17.0,1.0,17.0,31.0,5.0,31.0,6.0,3.0,6.0,21.0,2.0,21.0,22.0,3.0,22.0,-37.0,35.0,10.0,-28.0,17.0,134.0,-32.0,109.0,31.0,-4.0,108.0,35.0,-22.0,-69.0,75.0,43.0,0.0,43.0,28.0,4.0,28.0,32.0,1.0,32.0,4.0,1.0,4.0,22.0,3.0,22.0,3
-12.0,69.0,12.0,-21.0,61.0,68.0,-5.0,106.0,33.0,-19.0,105.0,-18.0,-18.0,-72.0,66.0,14.0,1.0,14.0,21.0,5.0,21.0,5.0,1.0,5.0,19.0,1.0,19.0,18.0,1.0,18.0,-40.0,35.0,22.0,-14.0,21.0,117.0,-31.0,110.0,38.0,-3.0,107.0,32.0,-18.0,-72.0,66.0,42.0,1.0,42.0,14.0,5.0,14.0,31.0,0.0,31.0,3.0,1.0,3.0,18.0,1.0,18.0,3
-13.0,68.0,23.0,-12.0,66.0,53.0,-3.0,107.0,29.0,-18.0,106.0,-16.0,-15.0,-73.0,60.0,13.0,1.0,13.0,12.0,2.0,12.0,3.0,1.0,3.0,18.0,1.0,18.0,15.0,1.0,15.0,-41.0,34.0,34.0,-3.0,26.0,95.0,-29.0,110.0,36.0,-1.0,108.0,31.0,-15.0,-73.0,60.0,41.0,1.0,41.0,3.0,2.0,3.0,29.0,0.0,29.0,1.0,0.0,1.0,15.0,1.0,15.0,3
-13.0,69.0,31.0,-1.0,68.0,50.0,0.0,108.0,24.0,-18.0,107.0,-11.0,-13.0,-74.0,58.0,13.0,1.0,13.0,1.0,2.0,1.0,0.0,0.0,0.0,18.0,1.0,18.0,13.0,0.0,13.0,-40.0,33.0,46.0,10.0,28.0,90.0,-27.0,110.0,39.0,1.0,108.0,33.0,-13.0,-74.0,58.0,40.0,2.0,40.0,10.0,3.0,10.0,27.0,0.0,27.0,1.0,1.0,1.0,13.0,0.0,13.0,3
-10.0,68.0,37.0,8.0,70.0,43.0,5.0,108.0,17.0,-14.0,108.0,1.0,-9.0,-74.0,59.0,12.0,1.0,12.0,6.0,1.0,6.0,5.0,0.0,5.0,14.0,0.0,14.0,9.0,0.0,9.0,-35.0,31.0,59.0,23.0,31.0,78.0,-22.0,110.0,40.0,7.0,109.0,38.0,-9.0,-74.0,59.0,35.0,1.0,35.0,23.0,0.0,23.0,22.0,0.0,22.0,7.0,0.0,7.0,9.0,0.0,9.0,3
-11.0,69.0,36.0,7.0,69.0,34.0,7.0,108.0,12.0,-13.0,108.0,3.0,-6.0,-74.0,57.0,11.0,1.0,11.0,7.0,1.0,7.0,7.0,0.0,7.0,13.0,0.0,13.0,6.0,0.0,6.0,-35.0,32.0,59.0,24.0,31.0,66.0,-18.0,110.0,39.0,10.0,109.0,35.0,-6.0,-74.0,57.0,35.0,1.0,35.0,24.0,1.0,24.0,18.0,0.0,18.0,10.0,0.0,10.0,6.0,0.0,6.0,3
-10.0,70.0,33.0,10.0,68.0,31.0,8.0,108.0,13.0,-13.0,108.0,4.0,-5.0,-74.0,57.0,10.0,0.0,10.0,8.0,0.0,8.0,8.0,0.0,8.0,13.0,0.0,13.0,5.0,0.0,5.0,-34.0,33.0,57.0,27.0,30.0,60.0,-18.0,110.0,40.0,10.0,109.0,37.0,-5.0,-74.0,57.0,34.0,1.0,34.0,27.0,0.0,27.0,18.0,0.0,18.0,10.0,1.0,10.0,5.0,0.0,5.0,3
-10.0,70.0,28.0,9.0,68.0,35.0,9.0,108.0,9.0,-12.0,108.0,7.0,-3.0,-74.0,54.0,14.0,0.0,14.0,9.0,1.0,9.0,9.0,0.0,9.0,12.0,0.0,12.0,3.0,0.0,3.0,-33.0,32.0,53.0,27.0,30.0,59.0,-16.0,110.0,40.0,12.0,108.0,36.0,-3.0,-74.0,54.0,35.0,0.0,35.0,27.0,1.0,27.0,16.0,0.0,16.0,12.0,0.0,12.0,3.0,0.0,3.0,3
-12.0,70.0,29.0,9.0,69.0,44.0,9.0,108.0,8.0,-11.0,108.0,8.0,-3.0,-74.0,55.0,12.0,1.0,12.0,7.0,0.0,7.0,9.0,0.0,9.0,11.0,0.0,11.0,3.0,0.0,3.0,-34.0,32.0,54.0,28.0,31.0,66.0,-16.0,110.0,41.0,13.0,108.0,35.0,-3.0,-74.0,55.0,34.0,1.0,34.0,24.0,0.0,24.0,16.0,0.0,16.0,13.0,0.0,13.0,3.0,0.0,3.0,3
-10.0,71.0,29.0,8.0,69.0,41.0,10.0,108.0,7.0,-11.0,108.0,7.0,-3.0,-74.0,55.0,-10.0,71.0,-10.0,8.0,69.0,8.0,10.0,108.0,10.0,-11.0,108.0,-11.0,-3.0,-74.0,-3.0,-33.0,33.0,54.0,26.0,31.0,63.0,-15.0,110.0,41.0,13.0,108.0,33.0,-3.0,-74.0,55.0,-33.0,33.0,-33.0,26.0,31.0,26.0,-15.0,110.0,-15.0,13.0,108.0,13.0,-3.0,-74.0,-3.0,3
