left_arm_local_X,left_arm_local_Y,left_arm_local_Z,right_arm_local_X,right_arm_local_Y,right_arm_local_Z,left_leg_local_X,left_leg_local_Y,left_leg_local_Z,right_leg_local_X,right_leg_local_Y,right_leg_local_Z,waist_head_local_X,waist_head_local_Y,waist_head_local_Z,left_arm_local_distX,left_arm_local__distY,left_arm_local__distZ,right_arm_local__distX,right_arm_local__distY,right_arm_local__distZ,left_leg_local__distX,left_leg_local__distY,left_leg_local__distZ,right_leg_local__distX,right_leg_local__distY,right_leg_local__distZ,waist_head_local__distX,waist_head_local__distY,waist_head_local__distZ,left_arm_global_X,left_arm_global_Y,left_arm_global_Z,right_arm_global_X,right_arm_global_Y,right_arm_global_Z,left_leg_global_X,left_leg_global_Y,left_leg_global_Z,right_leg_global_X,right_leg_global_Y,right_leg_global_Z,waist_head_global_X,waist_head_global_Y,waist_head_global_Z,left_arm_global_distX,left_arm_global__distY,left_arm_global__distZ,right_arm_global__distX,right_arm_global__distY,right_arm_global__distZ,left_leg_global__distX,left_leg_global__distY,left_leg_global__distZ,right_leg_global__distX,right_leg_global__distY,right_global__leg_distZ,waist_head_global__distX,waist_head_global__distY,waist_head_global__distZ,label
-7.0,70.0,27.0,10.0,71.0,32.0,6.0,107.0,7.0,-15.0,107.0,-8.0,-5.0,-74.0,57.0,7.0,0.0,7.0,10.0,0.0,10.0,4.0,1.0,4.0,15.0,0.0,15.0,7.0,0.0,7.0,-30.0,33.0,45.0,28.0,33.0,61.0,-20.0,109.0,33.0,8.0,108.0,26.0,-5.0,-74.0,57.0,32.0,1.0,32.0,26.0,2.0,26.0,22.0,0.0,22.0,6.0,0.0,6.0,7.0,0.0,7.0,3
-7.0,70.0,27.0,11.0,71.0,27.0,5.0,108.0,11.0,-15.0,107.0,-7.0,-6.0,-74.0,55.0,11.0,1.0,11.0,11.0,0.0,11.0,5.0,0.0,5.0,15.0,1.0,15.0,6.0,1.0,6.0,-31.0,32.0,43.0,27.0,31.0,56.0,-21.0,109.0,34.0,7.0,108.0,31.0,-6.0,-74.0,55.0,33.0,1.0,33.0,27.0,0.0,27.0,21.0,0.0,21.0,7.0,0.0,7.0,6.0,1.0,6.0,3
-9.0,71.0,23.0,11.0,71.0,23.0,6.0,108.0,10.0,-14.0,108.0,-6.0,-5.0,-75.0,57.0,9.0,0.0,9.0,11.0,0.0,11.0,6.0,0.0,6.0,14.0,1.0,14.0,5.0,0.0,5.0,-32.0,33.0,42.0,28.0,31.0,53.0,-20.0,109.0,36.0,8.0,108.0,29.0,-5.0,-75.0,57.0,32.0,0.0,32.0,28.0,1.0,28.0,20.0,0.0,20.0,8.0,0.0,8.0,5.0,0.0,5.0,3
-9.0,71.0,22.0,11.0,71.0,24.0,8.0,108.0,8.0,-14.0,107.0,-6.0,-5.0,-75.0,55.0,9.0,0.0,9.0,9.0,0.0,9.0,4.0,1.0,4.0,14.0,1.0,14.0,5.0,1.0,5.0,-32.0,33.0,41.0,28.0,32.0,53.0,-19.0,109.0,35.0,8.0,108.0,28.0,-5.0,-75.0,55.0,32.0,0.0,32.0,26.0,0.0,26.0,21.0,1.0,21.0,8.0,1.0,8.0,5.0,1.0,5.0,3
-8.0,71.0,19.0,10.0,71.0,28.0,6.0,107.0,9.0,-14.0,106.0,-8.0,-5.0,-74.0,56.0,8.0,0.0,8.0,10.0,0.0,10.0,6.0,1.0,6.0,14.0,1.0,14.0,7.0,0.0,7.0,-31.0,33.0,38.0,27.0,32.0,56.0,-20.0,108.0,34.0,8.0,107.0,27.0,-5.0,-74.0,56.0,31.0,0.0,31.0,27.0,1.0,27.0,22.0,0.0,22.0,8.0,1.0,8.0,7.0,0.0,7.0,3
-7.0,71.0,28.0,11.0,71.0,30.0,6.0,108.0,11.0,-13.0,107.0,-4.0,-6.0,-74.0,58.0,9.0,0.0,9.0,9.0,0.0,9.0,6.0,0.0,6.0,15.0,0.0,15.0,6.0,0.0,6.0,-31.0,33.0,46.0,27.0,31.0,58.0,-21.0,108.0,35.0,8.0,108.0,31.0,-6.0,-74.0,58.0,31.0,1.0,31.0,27.0,1.0,27.0,21.0,1.0,21.0,8.0,1.0,8.0,6.0,0.0,6.0,3
-8.0,71.0,30.0,10.0,71.0,31.0,7.0,108.0,5.0,-14.0,107.0,-4.0,-5.0,-74.0,57.0,8.0,0.0,8.0,8.0,3.0,8.0,7.0,0.0,7.0,14.0,1.0,14.0,5.0,0.0,5.0,-31.0,34.0,51.0,27.0,32.0,60.0,-19.0,109.0,32.0,8.0,109.0,30.0,-5.0,-74.0,57.0,31.0,1.0,31.0,25.0,3.0,25.0,19.0,1.0,19.0,8.0,0.0,8.0,5.0,0.0,5.0,3
-4.0,71.0,38.0,9.0,68.0,40.0,7.0,108.0,8.0,-14.0,108.0,-1.0,-5.0,-74.0,59.0,4.0,4.0,4.0,5.0,3.0,5.0,7.0,1.0,7.0,14.0,0.0,14.0,5.0,1.0,5.0,-28.0,33.0,62.0,26.0,29.0,69.0,-19.0,110.0,35.0,8.0,109.0,32.0,-5.0,-74.0,59.0,28.0,4.0,28.0,26.0,3.0,26.0,19.0,1.0,19.0,8.0,1.0,8.0,5.0,1.0,5.0,3
1.0,67.0,40.0,7.0,65.0,59.0,10.0,107.0,1.0,-12.0,108.0,4.0,-3.0,-75.0,59.0,1.0,4.0,1.0,7.0,6.0,7.0,10.0,0.0,10.0,12.0,0.0,12.0,3.0,0.0,3.0,-21.0,29.0,71.0,26.0,26.0,85.0,-15.0,109.0,34.0,12.0,108.0,31.0,-3.0,-75.0,59.0,21.0,5.0,21.0,14.0,6.0,14.0,15.0,0.0,15.0,12.0,0.0,12.0,3.0,0.0,3.0,3
13.0,63.0,60.0,0.0,59.0,74.0,12.0,107.0,0.0,-11.0,108.0,9.0,-2.0,-75.0,58.0,13.0,9.0,13.0,0.0,14.0,0.0,12.0,1.0,12.0,11.0,0.0,11.0,2.0,0.0,2.0,-8.0,24.0,95.0,20.0,20.0,94.0,-12.0,109.0,37.0,14.0,108.0,32.0,-2.0,-75.0,58.0,8.0,9.0,8.0,20.0,14.0,20.0,12.0,1.0,12.0,14.0,1.0,14.0,2.0,0.0,2.0,3
23.0,54.0,60.0,1.0,45.0,94.0,14.0,106.0,-8.0,-7.0,108.0,16.0,0.0,-75.0,56.0,23.0,4.0,23.0,1.0,21.0,1.0,14.0,1.0,14.0,7.0,0.0,7.0,0.0,0.0,0.0,4.0,15.0,99.0,22.0,6.0,107.0,-8.0,108.0,36.0,19.0,107.0,30.0,0.0,-75.0,56.0,4.0,5.0,4.0,22.0,20.0,22.0,8.0,0.0,8.0,19.0,0.0,19.0,0.0,0.0,0.0,3
29.0,50.0,58.0,12.0,24.0,100.0,15.0,105.0,-13.0,-4.0,108.0,22.0,1.0,-75.0,56.0,29.0,2.0,29.0,12.0,24.0,12.0,15.0,1.0,15.0,4.0,0.0,4.0,1.0,0.0,1.0,11.0,10.0,104.0,33.0,-14.0,110.0,-5.0,108.0,35.0,22.0,107.0,30.0,1.0,-75.0,56.0,11.0,2.0,11.0,33.0,24.0,33.0,5.0,0.0,5.0,22.0,1.0,22.0,1.0,0.0,1.0,3
32.0,48.0,46.0,19.0,0.0,84.0,18.0,104.0,-22.0,1.0,108.0,29.0,4.0,-75.0,53.0,20.0,11.0,20.0,9.0,18.0,9.0,18.0,0.0,18.0,1.0,0.0,1.0,4.0,1.0,4.0,17.0,8.0,95.0,42.0,-38.0,88.0,0.0,108.0,31.0,28.0,106.0,29.0,4.0,-75.0,53.0,7.0,9.0,7.0,32.0,18.0,32.0,0.0,0.0,0.0,28.0,1.0,28.0,4.0,1.0,4.0,3
26.0,59.0,32.0,14.0,-18.0,40.0,18.0,104.0,-28.0,3.0,108.0,27.0,6.0,-76.0,50.0,4.0,6.0,4.0,6.0,4.0,6.0,18.0,1.0,18.0,3.0,0.0,3.0,6.0,1.0,6.0,12.0,17.0,85.0,37.0,-56.0,42.0,1.0,108.0,26.0,29.0,105.0,23.0,6.0,-76.0,50.0,8.0,7.0,8.0,29.0,3.0,29.0,1.0,0.0,1.0,29.0,1.0,29.0,6.0,1.0,6.0,3
15.0,65.0,28.0,10.0,-22.0,27.0,18.0,103.0,-32.0,3.0,108.0,25.0,7.0,-75.0,49.0,3.0,3.0,3.0,4.0,1.0,4.0,16.0,1.0,16.0,1.0,0.0,1.0,5.0,0.0,5.0,2.0,24.0,80.0,33.0,-59.0,27.0,2.0,108.0,23.0,30.0,106.0,20.0,7.0,-75.0,49.0,14.0,3.0,14.0,25.0,2.0,25.0,2.0,0.0,2.0,26.0,0.0,26.0,5.0,0.0,5.0,3
9.0,68.0,20.0,7.0,-23.0,27.0,17.0,104.0,-28.0,1.0,108.0,25.0,6.0,-75.0,57.0,13.0,2.0,13.0,5.0,4.0,5.0,17.0,2.0,17.0,3.0,1.0,3.0,2.0,3.0,2.0,-6.0,27.0,72.0,29.0,-61.0,31.0,0.0,108.0,25.0,28.0,106.0,23.0,6.0,-75.0,57.0,32.0,4.0,32.0,17.0,5.0,17.0,4.0,2.0,4.0,24.0,1.0,24.0,2.0,3.0,2.0,3
-2.0,70.0,12.0,1.0,-27.0,54.0,17.0,106.0,-17.0,-1.0,109.0,25.0,2.0,-72.0,73.0,10.0,0.0,10.0,7.0,3.0,7.0,9.0,1.0,9.0,11.0,0.0,11.0,10.0,3.0,10.0,-19.0,31.0,62.0,23.0,-66.0,64.0,-2.0,110.0,34.0,26.0,107.0,29.0,2.0,-72.0,73.0,33.0,1.0,33.0,13.0,4.0,13.0,18.0,1.0,18.0,14.0,1.0,14.0,10.0,3.0,10.0,3
-6.0,70.0,16.0,-3.0,-24.0,90.0,13.0,107.0,0.0,-6.0,109.0,15.0,-4.0,-69.0,85.0,20.0,4.0,20.0,31.0,17.0,31.0,5.0,0.0,5.0,14.0,1.0,14.0,14.0,3.0,14.0,-26.0,32.0,59.0,18.0,-62.0,113.0,-10.0,111.0,41.0,20.0,108.0,33.0,-4.0,-69.0,85.0,50.0,1.0,50.0,18.0,18.0,18.0,22.0,0.0,22.0,8.0,1.0,8.0,14.0,3.0,14.0,3
-13.0,66.0,13.0,-17.0,-7.0,127.0,9.0,107.0,6.0,-10.0,108.0,9.0,-9.0,-66.0,87.0,13.0,1.0,13.0,41.0,57.0,41.0,17.0,1.0,17.0,22.0,3.0,22.0,33.0,1.0,33.0,-38.0,31.0,50.0,0.0,-44.0,159.0,-16.0,111.0,39.0,14.0,109.0,36.0,-9.0,-66.0,87.0,44.0,4.0,44.0,54.0,54.0,54.0,46.0,2.0,46.0,18.0,1.0,18.0,33.0,1.0,33.0,3
-9.0,67.0,7.0,-29.0,50.0,105.0,-4.0,106.0,29.0,-16.0,105.0,-22.0,-21.0,-67.0,88.0,9.0,4.0,9.0,29.0,12.0,29.0,12.0,1.0,12.0,20.0,0.0,20.0,31.0,1.0,31.0,-41.0,35.0,20.0,-27.0,10.0,162.0,-31.0,109.0,31.0,-2.0,108.0,29.0,-21.0,-67.0,88.0,41.0,3.0,41.0,33.0,13.0,33.0,37.0,0.0,37.0,8.0,0.0,8.0,31.0,1.0,31.0,3
-5.0,63.0,-18.0,-28.0,62.0,84.0,-8.0,105.0,33.0,-18.0,105.0,-31.0,-26.0,-66.0,86.0,9.0,2.0,9.0,28.0,3.0,28.0,18.0,2.0,18.0,22.0,3.0,22.0,34.0,1.0,34.0,-37.0,32.0,-12.0,-30.0,23.0,143.0,-34.0,109.0,28.0,-5.0,108.0,23.0,-26.0,-66.0,86.0,43.0,1.0,43.0,40.0,3.0,40.0,42.0,3.0,42.0,17.0,2.0,17.0,34.0,1.0,34.0,3
-7.0,65.0,-13.0,-28.0,65.0,75.0,-13.0,103.0,34.0,-20.0,102.0,-39.0,-30.0,-65.0,85.0,7.0,1.0,7.0,32.0,2.0,32.0,15.0,0.0,15.0,22.0,1.0,22.0,30.0,0.0,30.0,-40.0,33.0,-16.0,-35.0,26.0,135.0,-38.0,106.0,21.0,-11.0,106.0,19.0,-30.0,-65.0,85.0,40.0,1.0,40.0,39.0,2.0,39.0,42.0,1.0,42.0,15.0,0.0,15.0,30.0,0.0,30.0,3
4.0,64.0,-27.0,-30.0,63.0,80.0,-14.0,103.0,37.0,-21.0,103.0,-42.0,-30.0,-65.0,82.0,4.0,1.0,4.0,32.0,1.0,32.0,14.0,0.0,14.0,21.0,0.0,21.0,30.0,2.0,30.0,-29.0,32.0,-32.0,-37.0,24.0,138.0,-40.0,107.0,22.0,-13.0,106.0,16.0,-30.0,-65.0,82.0,29.0,3.0,29.0,37.0,2.0,37.0,40.0,1.0,40.0,13.0,0.0,13.0,30.0,2.0,30.0,3
7.0,63.0,-33.0,-31.0,62.0,82.0,-13.0,103.0,34.0,-20.0,103.0,-40.0,-28.0,-67.0,82.0,5.0,0.0,5.0,33.0,3.0,33.0,13.0,1.0,13.0,20.0,1.0,20.0,28.0,1.0,28.0,-24.0,29.0,-36.0,-35.0,22.0,141.0,-38.0,106.0,21.0,-11.0,106.0,18.0,-28.0,-67.0,82.0,26.0,1.0,26.0,35.0,3.0,35.0,38.0,2.0,38.0,11.0,1.0,11.0,28.0,1.0,28.0,3
6.0,63.0,-34.0,-32.0,59.0,87.0,-11.0,104.0,32.0,-19.0,104.0,-33.0,-26.0,-68.0,82.0,14.0,3.0,14.0,32.0,4.0,32.0,11.0,0.0,11.0,19.0,2.0,19.0,26.0,4.0,26.0,-25.0,30.0,-31.0,-33.0,19.0,146.0,-37.0,108.0,24.0,-9.0,107.0,23.0,-26.0,-68.0,82.0,41.0,2.0,41.0,33.0,4.0,33.0,37.0,0.0,37.0,9.0,0.0,9.0,26.0,4.0,26.0,3
-4.0,66.0,-13.0,-30.0,55.0,88.0,-7.0,104.0,29.0,-18.0,106.0,-27.0,-21.0,-72.0,75.0,8.0,1.0,8.0,30.0,0.0,30.0,7.0,2.0,7.0,18.0,1.0,18.0,21.0,1.0,21.0,-33.0,32.0,-7.0,-27.0,15.0,145.0,-34.0,108.0,27.0,-5.0,107.0,26.0,-21.0,-72.0,75.0,37.0,0.0,37.0,27.0,1.0,27.0,34.0,1.0,34.0,5.0,1.0,5.0,21.0,1.0,21.0,3
-6.0,67.0,0.0,-26.0,55.0,83.0,-4.0,106.0,25.0,-16.0,107.0,-22.0,-19.0,-73.0,71.0,8.0,0.0,8.0,26.0,3.0,26.0,4.0,1.0,4.0,20.0,1.0,20.0,19.0,1.0,19.0,-35.0,32.0,9.0,-21.0,14.0,136.0,-31.0,109.0,27.0,-2.0,108.0,29.0,-19.0,-73.0,71.0,37.0,0.0,37.0,21.0,3.0,21.0,31.0,0.0,31.0,4.0,0.0,4.0,19.0,1.0,19.0,3
-7.0,67.0,16.0,-24.0,58.0,71.0,-3.0,107.0,21.0,-18.0,106.0,-23.0,-17.0,-74.0,63.0,23.0,1.0,23.0,24.0,6.0,24.0,3.0,0.0,3.0,20.0,0.0,20.0,17.0,0.0,17.0,-36.0,32.0,27.0,-17.0,17.0,120.0,-31.0,109.0,27.0,-3.0,108.0,26.0,-17.0,-74.0,63.0,48.0,1.0,48.0,17.0,8.0,17.0,31.0,1.0,31.0,3.0,1.0,3.0,17.0,0.0,17.0,3
-15.0,68.0,37.0,-13.0,64.0,57.0,-3.0,107.0,20.0,-19.0,106.0,-21.0,-14.0,-74.0,58.0,15.0,2.0,15.0,13.0,3.0,13.0,3.0,0.0,3.0,19.0,0.0,19.0,14.0,0.0,14.0,-42.0,33.0,48.0,-2.0,25.0,99.0,-30.0,110.0,31.0,-1.0,109.0,24.0,-14.0,-74.0,58.0,42.0,2.0,42.0,2.0,2.0,2.0,30.0,1.0,30.0,1.0,0.0,1.0,14.0,0.0,14.0,3
-14.0,66.0,46.0,-2.0,67.0,51.0,-1.0,107.0,12.0,-19.0,106.0,-18.0,-12.0,-74.0,56.0,-14.0,66.0,-14.0,-2.0,67.0,-2.0,-1.0,107.0,-1.0,-19.0,106.0,-19.0,-12.0,-74.0,-12.0,-40.0,31.0,57.0,10.0,27.0,88.0,-28.0,109.0,26.0,0.0,109.0,25.0,-12.0,-74.0,56.0,-40.0,31.0,-40.0,10.0,27.0,10.0,-28.0,109.0,-28.0,0.0,109.0,0.0,-12.0,-74.0,-12.0,3
