left_arm_local_X,left_arm_local_Y,left_arm_local_Z,right_arm_local_X,right_arm_local_Y,right_arm_local_Z,left_leg_local_X,left_leg_local_Y,left_leg_local_Z,right_leg_local_X,right_leg_local_Y,right_leg_local_Z,waist_head_local_X,waist_head_local_Y,waist_head_local_Z,left_arm_local_distX,left_arm_local__distY,left_arm_local__distZ,right_arm_local__distX,right_arm_local__distY,right_arm_local__distZ,left_leg_local__distX,left_leg_local__distY,left_leg_local__distZ,right_leg_local__distX,right_leg_local__distY,right_leg_local__distZ,waist_head_local__distX,waist_head_local__distY,waist_head_local__distZ,left_arm_global_X,left_arm_global_Y,left_arm_global_Z,right_arm_global_X,right_arm_global_Y,right_arm_global_Z,left_leg_global_X,left_leg_global_Y,left_leg_global_Z,right_leg_global_X,right_leg_global_Y,right_leg_global_Z,waist_head_global_X,waist_head_global_Y,waist_head_global_Z,left_arm_global_distX,left_arm_global__distY,left_arm_global__distZ,right_arm_global__distX,right_arm_global__distY,right_arm_global__distZ,left_leg_global__distX,left_leg_global__distY,left_leg_global__distZ,right_leg_global__distX,right_leg_global__distY,right_global__leg_distZ,waist_head_global__distX,waist_head_global__distY,waist_head_global__distZ,label
-9.0,63.0,17.0,8.0,64.0,-1.0,0.0,93.0,5.0,-6.0,94.0,-6.0,-2.0,-65.0,40.0,9.0,0.0,9.0,8.0,0.0,8.0,0.0,1.0,0.0,6.0,0.0,6.0,2.0,0.0,2.0,-25.0,27.0,30.0,21.0,27.0,20.0,-19.0,94.0,26.0,9.0,95.0,27.0,-2.0,-65.0,40.0,25.0,1.0,25.0,21.0,0.0,21.0,19.0,0.0,19.0,9.0,0.0,9.0,2.0,0.0,2.0,3
-7.0,63.0,15.0,8.0,64.0,8.0,1.0,92.0,2.0,-6.0,94.0,-4.0,-2.0,-65.0,38.0,7.0,0.0,7.0,8.0,1.0,8.0,1.0,0.0,1.0,6.0,0.0,6.0,2.0,0.0,2.0,-24.0,28.0,27.0,21.0,27.0,29.0,-18.0,94.0,26.0,10.0,95.0,26.0,-2.0,-65.0,38.0,24.0,1.0,24.0,21.0,1.0,21.0,20.0,0.0,20.0,8.0,0.0,8.0,2.0,0.0,2.0,3
-7.0,63.0,16.0,11.0,63.0,30.0,0.0,92.0,4.0,-6.0,94.0,-4.0,-2.0,-65.0,39.0,7.0,1.0,7.0,11.0,20.0,11.0,0.0,0.0,0.0,6.0,0.0,6.0,2.0,0.0,2.0,-24.0,27.0,29.0,23.0,26.0,51.0,-19.0,94.0,27.0,9.0,95.0,27.0,-2.0,-65.0,39.0,24.0,2.0,24.0,23.0,21.0,23.0,19.0,0.0,19.0,9.0,0.0,9.0,2.0,0.0,2.0,3
-5.0,64.0,8.0,21.0,43.0,94.0,1.0,92.0,-3.0,-6.0,94.0,2.0,-2.0,-65.0,39.0,5.0,1.0,5.0,21.0,25.0,21.0,1.0,0.0,1.0,6.0,1.0,6.0,2.0,0.0,2.0,-22.0,29.0,28.0,34.0,5.0,111.0,-16.0,94.0,27.0,12.0,95.0,28.0,-2.0,-65.0,39.0,22.0,0.0,22.0,34.0,26.0,34.0,16.0,0.0,16.0,12.0,1.0,12.0,2.0,0.0,2.0,3
-5.0,63.0,13.0,22.0,18.0,110.0,2.0,92.0,-4.0,-5.0,93.0,4.0,-2.0,-65.0,39.0,7.0,1.0,7.0,20.0,29.0,20.0,2.0,0.0,2.0,5.0,1.0,5.0,2.0,0.0,2.0,-22.0,29.0,34.0,35.0,-21.0,123.0,-15.0,94.0,28.0,13.0,94.0,27.0,-2.0,-65.0,39.0,24.0,1.0,24.0,33.0,28.0,33.0,15.0,0.0,15.0,13.0,0.0,13.0,2.0,0.0,2.0,3
-6.0,64.0,14.0,21.0,-11.0,102.0,3.0,92.0,-6.0,-5.0,94.0,4.0,-2.0,-65.0,38.0,6.0,1.0,6.0,9.0,25.0,9.0,3.0,0.0,3.0,5.0,1.0,5.0,2.0,0.0,2.0,-23.0,28.0,34.0,34.0,-49.0,113.0,-14.0,94.0,27.0,13.0,94.0,26.0,-2.0,-65.0,38.0,23.0,0.0,23.0,22.0,24.0,22.0,16.0,0.0,16.0,13.0,0.0,13.0,2.0,0.0,2.0,3
-5.0,63.0,13.0,15.0,-36.0,67.0,3.0,92.0,-6.0,-5.0,93.0,2.0,-2.0,-65.0,34.0,7.0,1.0,7.0,7.0,1.0,7.0,1.0,0.0,1.0,7.0,0.0,7.0,4.0,0.0,4.0,-22.0,28.0,32.0,28.0,-73.0,82.0,-15.0,94.0,26.0,13.0,94.0,24.0,-2.0,-65.0,34.0,26.0,2.0,26.0,18.0,0.0,18.0,19.0,1.0,19.0,9.0,0.0,9.0,4.0,0.0,4.0,3
-6.0,62.0,19.0,11.0,-37.0,29.0,1.0,92.0,-5.0,-6.0,93.0,-2.0,-3.0,-65.0,32.0,8.0,0.0,8.0,7.0,0.0,7.0,3.0,0.0,3.0,10.0,0.0,10.0,5.0,0.0,5.0,-24.0,26.0,34.0,23.0,-73.0,46.0,-17.0,93.0,24.0,11.0,94.0,24.0,-3.0,-65.0,32.0,28.0,1.0,28.0,15.0,0.0,15.0,23.0,0.0,23.0,5.0,1.0,5.0,5.0,0.0,5.0,3
-7.0,62.0,21.0,9.0,-37.0,14.0,-1.0,92.0,2.0,-8.0,93.0,-10.0,-4.0,-65.0,29.0,7.0,2.0,7.0,3.0,6.0,3.0,7.0,0.0,7.0,12.0,1.0,12.0,8.0,0.0,8.0,-26.0,27.0,34.0,19.0,-73.0,35.0,-20.0,93.0,23.0,8.0,95.0,23.0,-4.0,-65.0,29.0,26.0,2.0,26.0,9.0,4.0,9.0,28.0,1.0,28.0,0.0,1.0,0.0,8.0,0.0,8.0,3
-6.0,60.0,19.0,6.0,-31.0,3.0,-4.0,92.0,7.0,-10.0,92.0,-13.0,-6.0,-65.0,33.0,8.0,1.0,8.0,4.0,1.0,4.0,6.0,0.0,6.0,10.0,0.0,10.0,8.0,1.0,8.0,-26.0,25.0,26.0,14.0,-69.0,27.0,-24.0,92.0,23.0,4.0,94.0,23.0,-6.0,-65.0,33.0,28.0,1.0,28.0,4.0,1.0,4.0,26.0,0.0,26.0,2.0,1.0,2.0,8.0,1.0,8.0,3
-7.0,59.0,16.0,1.0,-30.0,8.0,-5.0,92.0,8.0,-10.0,92.0,-16.0,-7.0,-66.0,34.0,7.0,2.0,7.0,1.0,8.0,1.0,5.0,1.0,5.0,10.0,0.0,10.0,7.0,0.0,7.0,-27.0,24.0,24.0,9.0,-68.0,36.0,-25.0,92.0,22.0,3.0,95.0,22.0,-7.0,-66.0,34.0,27.0,3.0,27.0,9.0,8.0,9.0,25.0,1.0,25.0,1.0,1.0,1.0,7.0,0.0,7.0,3
-7.0,57.0,8.0,10.0,-38.0,51.0,-5.0,91.0,12.0,-10.0,92.0,-16.0,-6.0,-66.0,38.0,9.0,2.0,9.0,10.0,8.0,10.0,5.0,1.0,5.0,10.0,1.0,10.0,8.0,0.0,8.0,-27.0,21.0,21.0,18.0,-76.0,87.0,-25.0,91.0,24.0,2.0,94.0,23.0,-6.0,-66.0,38.0,27.0,1.0,27.0,18.0,9.0,18.0,25.0,1.0,25.0,2.0,0.0,2.0,8.0,0.0,8.0,3
-8.0,59.0,1.0,11.0,-30.0,129.0,-5.0,92.0,13.0,-10.0,91.0,-18.0,-7.0,-66.0,43.0,8.0,0.0,8.0,1.0,54.0,1.0,7.0,1.0,7.0,10.0,0.0,10.0,9.0,1.0,9.0,-27.0,22.0,13.0,19.0,-67.0,168.0,-25.0,92.0,24.0,2.0,94.0,23.0,-7.0,-66.0,43.0,27.0,2.0,27.0,7.0,54.0,7.0,27.0,0.0,27.0,0.0,1.0,0.0,9.0,1.0,9.0,3
-8.0,59.0,-4.0,5.0,24.0,131.0,-6.0,91.0,15.0,-10.0,91.0,-18.0,-8.0,-65.0,43.0,8.0,1.0,8.0,5.0,32.0,5.0,8.0,1.0,8.0,10.0,0.0,10.0,8.0,1.0,8.0,-27.0,24.0,10.0,13.0,-13.0,173.0,-26.0,92.0,24.0,1.0,95.0,22.0,-8.0,-65.0,43.0,27.0,0.0,27.0,1.0,31.0,1.0,28.0,1.0,28.0,1.0,0.0,1.0,8.0,1.0,8.0,3
-7.0,58.0,-8.0,0.0,56.0,81.0,-7.0,90.0,17.0,-10.0,91.0,-22.0,-8.0,-66.0,47.0,7.0,0.0,7.0,6.0,3.0,6.0,7.0,0.0,7.0,12.0,1.0,12.0,8.0,1.0,8.0,-26.0,24.0,4.0,7.0,18.0,127.0,-27.0,91.0,22.0,0.0,95.0,21.0,-8.0,-66.0,47.0,26.0,1.0,26.0,1.0,4.0,1.0,27.0,1.0,27.0,0.0,1.0,0.0,8.0,1.0,8.0,3
-5.0,58.0,-11.0,-3.0,59.0,70.0,-5.0,90.0,13.0,-11.0,92.0,-17.0,-7.0,-65.0,51.0,11.0,1.0,11.0,7.0,1.0,7.0,5.0,0.0,5.0,11.0,1.0,11.0,7.0,1.0,7.0,-25.0,25.0,7.0,4.0,22.0,115.0,-25.0,92.0,24.0,1.0,96.0,22.0,-7.0,-65.0,51.0,29.0,1.0,29.0,4.0,2.0,4.0,25.0,1.0,25.0,1.0,1.0,1.0,7.0,1.0,7.0,3
-8.0,59.0,-24.0,-5.0,58.0,75.0,-4.0,90.0,11.0,-10.0,91.0,-18.0,-6.0,-66.0,50.0,12.0,1.0,12.0,5.0,7.0,5.0,10.0,2.0,10.0,12.0,1.0,12.0,6.0,1.0,6.0,-27.0,24.0,-6.0,4.0,20.0,117.0,-25.0,91.0,23.0,2.0,95.0,20.0,-6.0,-66.0,50.0,31.0,2.0,31.0,4.0,7.0,4.0,31.0,1.0,31.0,2.0,1.0,2.0,6.0,1.0,6.0,3
-10.0,60.0,-8.0,-4.0,51.0,92.0,-7.0,92.0,10.0,-11.0,92.0,-23.0,-6.0,-65.0,44.0,10.0,1.0,10.0,4.0,7.0,4.0,7.0,0.0,7.0,11.0,0.0,11.0,6.0,1.0,6.0,-29.0,26.0,-3.0,4.0,13.0,126.0,-28.0,92.0,19.0,0.0,96.0,18.0,-6.0,-65.0,44.0,29.0,0.0,29.0,4.0,7.0,4.0,28.0,0.0,28.0,0.0,1.0,0.0,6.0,1.0,6.0,3
-9.0,61.0,-4.0,-1.0,44.0,102.0,-4.0,92.0,7.0,-10.0,92.0,-15.0,-4.0,-66.0,43.0,11.0,0.0,11.0,1.0,2.0,1.0,4.0,0.0,4.0,10.0,0.0,10.0,4.0,1.0,4.0,-27.0,26.0,7.0,9.0,6.0,133.0,-25.0,92.0,22.0,3.0,95.0,23.0,-4.0,-66.0,43.0,27.0,1.0,27.0,9.0,2.0,9.0,25.0,1.0,25.0,3.0,0.0,3.0,4.0,1.0,4.0,3
-10.0,61.0,3.0,2.0,42.0,106.0,-3.0,92.0,6.0,-10.0,92.0,-13.0,-3.0,-65.0,42.0,12.0,0.0,12.0,2.0,5.0,2.0,3.0,0.0,3.0,10.0,1.0,10.0,3.0,0.0,3.0,-27.0,27.0,12.0,14.0,4.0,131.0,-23.0,93.0,23.0,4.0,95.0,23.0,-3.0,-65.0,42.0,29.0,1.0,29.0,14.0,4.0,14.0,23.0,1.0,23.0,4.0,0.0,4.0,3.0,0.0,3.0,3
-11.0,61.0,4.0,11.0,47.0,98.0,-2.0,92.0,1.0,-8.0,93.0,-9.0,-2.0,-65.0,38.0,11.0,1.0,11.0,11.0,4.0,11.0,2.0,0.0,2.0,10.0,0.0,10.0,6.0,0.0,6.0,-28.0,26.0,15.0,23.0,8.0,119.0,-21.0,92.0,22.0,7.0,95.0,24.0,-2.0,-65.0,38.0,28.0,1.0,28.0,23.0,5.0,23.0,21.0,1.0,21.0,5.0,0.0,5.0,6.0,0.0,6.0,3
-8.0,62.0,14.0,16.0,51.0,82.0,-2.0,92.0,1.0,-9.0,93.0,-10.0,-4.0,-65.0,37.0,10.0,1.0,10.0,16.0,1.0,16.0,2.0,0.0,2.0,9.0,0.0,9.0,4.0,0.0,4.0,-26.0,27.0,26.0,28.0,13.0,103.0,-21.0,93.0,22.0,6.0,95.0,22.0,-4.0,-65.0,37.0,26.0,1.0,26.0,28.0,1.0,28.0,21.0,0.0,21.0,6.0,0.0,6.0,4.0,0.0,4.0,3
-9.0,63.0,13.0,19.0,50.0,80.0,0.0,92.0,-3.0,-7.0,93.0,-8.0,-3.0,-65.0,35.0,9.0,0.0,9.0,19.0,24.0,19.0,0.0,1.0,0.0,7.0,0.0,7.0,3.0,1.0,3.0,-26.0,28.0,30.0,32.0,12.0,100.0,-19.0,93.0,23.0,9.0,95.0,21.0,-3.0,-65.0,35.0,26.0,0.0,26.0,32.0,25.0,32.0,19.0,0.0,19.0,9.0,0.0,9.0,3.0,1.0,3.0,3
-8.0,63.0,13.0,23.0,26.0,100.0,0.0,93.0,-5.0,-7.0,93.0,-2.0,-2.0,-66.0,39.0,8.0,1.0,8.0,17.0,32.0,17.0,0.0,0.0,0.0,7.0,1.0,7.0,2.0,1.0,2.0,-25.0,28.0,33.0,36.0,-13.0,117.0,-17.0,93.0,24.0,11.0,95.0,23.0,-2.0,-66.0,39.0,25.0,1.0,25.0,32.0,31.0,32.0,17.0,1.0,17.0,11.0,0.0,11.0,2.0,1.0,2.0,3
-8.0,62.0,13.0,20.0,-6.0,88.0,3.0,93.0,-6.0,-6.0,94.0,-1.0,-1.0,-65.0,41.0,10.0,1.0,10.0,10.0,16.0,10.0,3.0,1.0,3.0,6.0,1.0,6.0,1.0,1.0,1.0,-24.0,27.0,34.0,34.0,-44.0,103.0,-15.0,94.0,25.0,12.0,95.0,23.0,-1.0,-65.0,41.0,26.0,0.0,26.0,24.0,16.0,24.0,15.0,1.0,15.0,12.0,1.0,12.0,1.0,1.0,1.0,3
-9.0,63.0,10.0,15.0,-22.0,54.0,3.0,92.0,-6.0,-5.0,93.0,-3.0,-1.0,-66.0,39.0,9.0,2.0,9.0,3.0,4.0,3.0,3.0,0.0,3.0,7.0,0.0,7.0,3.0,1.0,3.0,-25.0,27.0,31.0,29.0,-60.0,71.0,-15.0,93.0,24.0,12.0,94.0,22.0,-1.0,-66.0,39.0,27.0,2.0,27.0,15.0,2.0,15.0,23.0,0.0,23.0,8.0,1.0,8.0,3.0,1.0,3.0,3
-9.0,61.0,19.0,9.0,-26.0,15.0,0.0,92.0,0.0,-6.0,93.0,-9.0,-2.0,-65.0,38.0,9.0,0.0,9.0,5.0,0.0,5.0,2.0,0.0,2.0,8.0,1.0,8.0,2.0,0.0,2.0,-26.0,25.0,36.0,22.0,-62.0,37.0,-19.0,93.0,24.0,10.0,95.0,22.0,-2.0,-65.0,38.0,26.0,0.0,26.0,16.0,1.0,16.0,21.0,0.0,21.0,8.0,0.0,8.0,2.0,0.0,2.0,3
-8.0,61.0,17.0,7.0,-26.0,26.0,-1.0,92.0,4.0,-7.0,92.0,-8.0,-2.0,-65.0,37.0,8.0,1.0,8.0,7.0,6.0,7.0,1.0,0.0,1.0,7.0,0.0,7.0,6.0,0.0,6.0,-25.0,25.0,33.0,19.0,-63.0,53.0,-20.0,93.0,25.0,9.0,95.0,24.0,-2.0,-65.0,37.0,27.0,1.0,27.0,19.0,6.0,19.0,22.0,0.0,22.0,5.0,1.0,5.0,6.0,0.0,6.0,3
-7.0,60.0,18.0,12.0,-32.0,69.0,-1.0,92.0,4.0,-7.0,92.0,-12.0,-4.0,-65.0,38.0,7.0,1.0,7.0,12.0,37.0,12.0,3.0,1.0,3.0,9.0,0.0,9.0,6.0,0.0,6.0,-26.0,24.0,32.0,23.0,-69.0,95.0,-21.0,93.0,25.0,7.0,94.0,22.0,-4.0,-65.0,38.0,26.0,1.0,26.0,19.0,37.0,19.0,23.0,0.0,23.0,5.0,0.0,5.0,6.0,0.0,6.0,3
-6.0,61.0,17.0,12.0,5.0,144.0,-2.0,93.0,9.0,-8.0,92.0,-12.0,-5.0,-65.0,35.0,8.0,1.0,8.0,12.0,30.0,12.0,4.0,1.0,4.0,8.0,0.0,8.0,5.0,0.0,5.0,-25.0,25.0,30.0,21.0,-32.0,175.0,-22.0,93.0,27.0,6.0,94.0,24.0,-5.0,-65.0,35.0,29.0,1.0,29.0,19.0,30.0,19.0,24.0,0.0,24.0,4.0,0.0,4.0,5.0,0.0,5.0,3
-7.0,60.0,17.0,12.0,35.0,119.0,-3.0,92.0,13.0,-8.0,92.0,-16.0,-5.0,-65.0,36.0,7.0,1.0,7.0,4.0,17.0,4.0,3.0,1.0,3.0,8.0,0.0,8.0,7.0,1.0,7.0,-27.0,24.0,22.0,20.0,-2.0,146.0,-23.0,93.0,25.0,5.0,94.0,23.0,-5.0,-65.0,36.0,27.0,2.0,27.0,14.0,15.0,14.0,23.0,0.0,23.0,5.0,0.0,5.0,7.0,1.0,7.0,3
-7.0,61.0,18.0,8.0,52.0,88.0,-3.0,93.0,10.0,-8.0,92.0,-17.0,-6.0,-66.0,36.0,11.0,0.0,11.0,2.0,12.0,2.0,5.0,2.0,5.0,8.0,0.0,8.0,6.0,1.0,6.0,-26.0,26.0,23.0,17.0,13.0,115.0,-23.0,93.0,23.0,5.0,94.0,22.0,-6.0,-66.0,36.0,28.0,0.0,28.0,13.0,12.0,13.0,25.0,1.0,25.0,3.0,0.0,3.0,6.0,1.0,6.0,3
-9.0,61.0,4.0,5.0,64.0,25.0,-4.0,91.0,9.0,-8.0,92.0,-18.0,-6.0,-65.0,35.0,9.0,1.0,9.0,5.0,1.0,5.0,4.0,1.0,4.0,8.0,1.0,8.0,6.0,1.0,6.0,-27.0,26.0,7.0,15.0,25.0,53.0,-24.0,92.0,20.0,4.0,94.0,22.0,-6.0,-65.0,35.0,27.0,1.0,27.0,15.0,2.0,15.0,24.0,0.0,24.0,4.0,0.0,4.0,6.0,1.0,6.0,3
-9.0,62.0,4.0,9.0,63.0,-1.0,-3.0,92.0,9.0,-8.0,93.0,-16.0,-6.0,-66.0,42.0,13.0,2.0,13.0,7.0,0.0,7.0,3.0,0.0,3.0,8.0,0.0,8.0,6.0,1.0,6.0,-27.0,27.0,9.0,19.0,23.0,27.0,-23.0,92.0,21.0,4.0,94.0,23.0,-6.0,-66.0,42.0,29.0,2.0,29.0,19.0,1.0,19.0,23.0,0.0,23.0,4.0,0.0,4.0,6.0,1.0,6.0,3
-11.0,60.0,0.0,8.0,63.0,-7.0,-3.0,92.0,8.0,-8.0,93.0,-15.0,-5.0,-65.0,44.0,-11.0,60.0,-11.0,8.0,63.0,8.0,-3.0,92.0,-3.0,-8.0,93.0,-8.0,-5.0,-65.0,-5.0,-28.0,25.0,8.0,19.0,24.0,22.0,-23.0,92.0,23.0,5.0,94.0,24.0,-5.0,-65.0,44.0,-28.0,25.0,-28.0,19.0,24.0,19.0,-23.0,92.0,-23.0,5.0,94.0,5.0,-5.0,-65.0,-5.0,3
