left_arm_local_X,left_arm_local_Y,left_arm_local_Z,right_arm_local_X,right_arm_local_Y,right_arm_local_Z,left_leg_local_X,left_leg_local_Y,left_leg_local_Z,right_leg_local_X,right_leg_local_Y,right_leg_local_Z,waist_head_local_X,waist_head_local_Y,waist_head_local_Z,left_arm_local_distX,left_arm_local__distY,left_arm_local__distZ,right_arm_local__distX,right_arm_local__distY,right_arm_local__distZ,left_leg_local__distX,left_leg_local__distY,left_leg_local__distZ,right_leg_local__distX,right_leg_local__distY,right_leg_local__distZ,waist_head_local__distX,waist_head_local__distY,waist_head_local__distZ,left_arm_global_X,left_arm_global_Y,left_arm_global_Z,right_arm_global_X,right_arm_global_Y,right_arm_global_Z,left_leg_global_X,left_leg_global_Y,left_leg_global_Z,right_leg_global_X,right_leg_global_Y,right_leg_global_Z,waist_head_global_X,waist_head_global_Y,waist_head_global_Z,left_arm_global_distX,left_arm_global__distY,left_arm_global__distZ,right_arm_global__distX,right_arm_global__distY,right_arm_global__distZ,left_leg_global__distX,left_leg_global__distY,left_leg_global__distZ,right_leg_global__distX,right_leg_global__distY,right_global__leg_distZ,waist_head_global__distX,waist_head_global__distY,waist_head_global__distZ,label
-1.0,67.0,20.0,14.0,63.0,30.0,4.0,103.0,-17.0,8.0,105.0,4.0,0.0,-63.0,30.0,3.0,1.0,3.0,14.0,26.0,14.0,4.0,1.0,4.0,8.0,1.0,8.0,0.0,1.0,0.0,-19.0,31.0,35.0,31.0,29.0,31.0,-12.0,105.0,19.0,27.0,104.0,23.0,0.0,-63.0,30.0,19.0,1.0,19.0,31.0,26.0,31.0,12.0,0.0,12.0,27.0,1.0,27.0,0.0,1.0,0.0,4
-2.0,66.0,20.0,32.0,37.0,79.0,6.0,104.0,-17.0,9.0,104.0,7.0,2.0,-64.0,30.0,6.0,1.0,6.0,32.0,21.0,32.0,6.0,1.0,6.0,9.0,0.0,9.0,2.0,0.0,2.0,-19.0,30.0,39.0,50.0,3.0,80.0,-10.0,105.0,21.0,28.0,103.0,25.0,2.0,-64.0,30.0,21.0,2.0,21.0,50.0,21.0,50.0,10.0,0.0,10.0,28.0,0.0,28.0,2.0,0.0,2.0,4
-4.0,65.0,19.0,39.0,16.0,97.0,6.0,105.0,-18.0,9.0,104.0,7.0,3.0,-64.0,29.0,4.0,0.0,4.0,39.0,22.0,39.0,6.0,1.0,6.0,7.0,0.0,7.0,1.0,1.0,1.0,-20.0,28.0,40.0,58.0,-18.0,98.0,-9.0,105.0,20.0,29.0,103.0,24.0,3.0,-64.0,29.0,22.0,0.0,22.0,56.0,23.0,56.0,13.0,1.0,13.0,25.0,0.0,25.0,1.0,1.0,1.0,4
-4.0,65.0,23.0,39.0,-6.0,106.0,6.0,104.0,-15.0,8.0,104.0,5.0,2.0,-65.0,29.0,6.0,0.0,6.0,27.0,24.0,27.0,2.0,0.0,2.0,4.0,0.0,4.0,0.0,1.0,0.0,-21.0,28.0,43.0,57.0,-41.0,111.0,-11.0,104.0,21.0,27.0,103.0,25.0,2.0,-65.0,29.0,25.0,1.0,25.0,45.0,24.0,45.0,17.0,1.0,17.0,21.0,1.0,21.0,0.0,1.0,0.0,4
-5.0,65.0,17.0,33.0,-30.0,107.0,4.0,104.0,-12.0,6.0,104.0,-1.0,1.0,-64.0,27.0,9.0,0.0,9.0,25.0,10.0,25.0,0.0,2.0,0.0,2.0,1.0,2.0,1.0,1.0,1.0,-23.0,29.0,32.0,51.0,-65.0,117.0,-14.0,105.0,20.0,24.0,104.0,23.0,1.0,-64.0,27.0,27.0,1.0,27.0,43.0,10.0,43.0,20.0,2.0,20.0,18.0,2.0,18.0,1.0,1.0,1.0,4
-7.0,65.0,22.0,29.0,-40.0,100.0,2.0,106.0,-4.0,4.0,105.0,-5.0,0.0,-65.0,31.0,7.0,0.0,7.0,19.0,7.0,19.0,2.0,1.0,2.0,0.0,0.0,0.0,6.0,1.0,6.0,-25.0,30.0,36.0,47.0,-75.0,121.0,-17.0,107.0,23.0,21.0,106.0,24.0,0.0,-65.0,31.0,25.0,1.0,25.0,33.0,8.0,33.0,25.0,1.0,25.0,11.0,0.0,11.0,6.0,1.0,6.0,4
-6.0,65.0,11.0,24.0,-47.0,103.0,0.0,105.0,6.0,2.0,105.0,-12.0,-3.0,-66.0,38.0,6.0,1.0,6.0,0.0,5.0,0.0,12.0,0.0,12.0,2.0,2.0,2.0,5.0,0.0,5.0,-25.0,29.0,24.0,40.0,-83.0,134.0,-21.0,106.0,25.0,16.0,106.0,24.0,-3.0,-66.0,38.0,27.0,0.0,27.0,6.0,5.0,6.0,33.0,1.0,33.0,4.0,0.0,4.0,5.0,0.0,5.0,4
-6.0,64.0,6.0,12.0,-52.0,123.0,-6.0,105.0,16.0,0.0,103.0,-20.0,-4.0,-66.0,45.0,8.0,1.0,8.0,14.0,5.0,14.0,14.0,0.0,14.0,2.0,2.0,2.0,10.0,1.0,10.0,-26.0,29.0,16.0,23.0,-88.0,171.0,-27.0,105.0,23.0,10.0,106.0,23.0,-4.0,-66.0,45.0,30.0,1.0,30.0,13.0,5.0,13.0,35.0,1.0,35.0,2.0,1.0,2.0,10.0,1.0,10.0,4
-7.0,63.0,-4.0,-1.0,-47.0,137.0,-10.0,105.0,22.0,-1.0,101.0,-29.0,-7.0,-65.0,47.0,7.0,0.0,7.0,37.0,11.0,37.0,12.0,1.0,12.0,1.0,0.0,1.0,9.0,2.0,9.0,-28.0,28.0,3.0,5.0,-83.0,192.0,-31.0,104.0,20.0,6.0,105.0,17.0,-7.0,-65.0,47.0,28.0,2.0,28.0,37.0,12.0,37.0,33.0,0.0,33.0,6.0,2.0,6.0,9.0,2.0,9.0,4
-3.0,63.0,-3.0,-19.0,-36.0,141.0,-11.0,104.0,23.0,0.0,101.0,-28.0,-8.0,-63.0,44.0,3.0,0.0,3.0,57.0,14.0,57.0,11.0,1.0,11.0,0.0,1.0,0.0,10.0,2.0,10.0,-27.0,30.0,7.0,-16.0,-71.0,201.0,-32.0,104.0,21.0,6.0,107.0,18.0,-8.0,-63.0,44.0,27.0,1.0,27.0,54.0,15.0,54.0,32.0,0.0,32.0,6.0,0.0,6.0,10.0,2.0,10.0,4
-1.0,63.0,-11.0,-38.0,-22.0,123.0,-9.0,103.0,21.0,0.0,102.0,-25.0,-9.0,-65.0,62.0,1.0,1.0,1.0,44.0,4.0,44.0,9.0,1.0,9.0,0.0,0.0,0.0,13.0,3.0,13.0,-27.0,29.0,5.0,-35.0,-56.0,185.0,-30.0,104.0,22.0,7.0,107.0,20.0,-9.0,-65.0,62.0,27.0,0.0,27.0,37.0,5.0,37.0,30.0,2.0,30.0,7.0,1.0,7.0,13.0,3.0,13.0,4
-1.0,62.0,-21.0,-41.0,-18.0,116.0,-7.0,104.0,20.0,0.0,102.0,-20.0,-11.0,-62.0,58.0,5.0,0.0,5.0,41.0,2.0,41.0,7.0,0.0,7.0,0.0,1.0,0.0,11.0,1.0,11.0,-26.0,29.0,-2.0,-36.0,-51.0,176.0,-28.0,106.0,23.0,9.0,108.0,22.0,-11.0,-62.0,58.0,26.0,1.0,26.0,36.0,2.0,36.0,28.0,0.0,28.0,9.0,0.0,9.0,11.0,1.0,11.0,4
-3.0,62.0,-12.0,-40.0,-16.0,110.0,-6.0,104.0,18.0,0.0,103.0,-21.0,-10.0,-63.0,61.0,7.0,1.0,7.0,40.0,1.0,40.0,6.0,0.0,6.0,0.0,0.0,0.0,10.0,0.0,10.0,-26.0,28.0,5.0,-33.0,-49.0,169.0,-27.0,106.0,23.0,10.0,108.0,22.0,-10.0,-63.0,61.0,28.0,1.0,28.0,33.0,1.0,33.0,27.0,0.0,27.0,8.0,0.0,8.0,10.0,0.0,10.0,4
-5.0,61.0,-6.0,-35.0,-17.0,111.0,-6.0,104.0,16.0,0.0,103.0,-21.0,-9.0,-63.0,56.0,5.0,2.0,5.0,35.0,0.0,35.0,6.0,1.0,6.0,0.0,1.0,0.0,9.0,0.0,9.0,-27.0,27.0,7.0,-25.0,-50.0,163.0,-27.0,106.0,21.0,9.0,108.0,22.0,-9.0,-63.0,56.0,27.0,3.0,27.0,25.0,1.0,25.0,27.0,1.0,27.0,9.0,0.0,9.0,9.0,0.0,9.0,4
-4.0,63.0,4.0,-31.0,-17.0,116.0,-4.0,105.0,14.0,1.0,104.0,-15.0,-8.0,-63.0,59.0,6.0,1.0,6.0,31.0,3.0,31.0,4.0,0.0,4.0,1.0,1.0,1.0,8.0,0.0,8.0,-26.0,30.0,19.0,-20.0,-51.0,163.0,-25.0,107.0,24.0,12.0,108.0,25.0,-8.0,-63.0,59.0,26.0,2.0,26.0,20.0,3.0,20.0,25.0,1.0,25.0,12.0,1.0,12.0,8.0,0.0,8.0,4
-5.0,62.0,3.0,-26.0,-20.0,120.0,-2.0,105.0,10.0,1.0,103.0,-10.0,-7.0,-63.0,58.0,7.0,0.0,7.0,26.0,3.0,26.0,2.0,0.0,2.0,1.0,0.0,1.0,7.0,1.0,7.0,-26.0,28.0,22.0,-13.0,-54.0,162.0,-23.0,106.0,26.0,14.0,107.0,27.0,-7.0,-63.0,58.0,26.0,2.0,26.0,13.0,2.0,13.0,23.0,0.0,23.0,14.0,0.0,14.0,7.0,1.0,7.0,4
-6.0,62.0,9.0,-23.0,-23.0,118.0,-2.0,105.0,9.0,2.0,103.0,-9.0,-6.0,-64.0,56.0,8.0,0.0,8.0,23.0,0.0,23.0,2.0,0.0,2.0,0.0,1.0,0.0,6.0,0.0,6.0,-25.0,26.0,27.0,-8.0,-56.0,156.0,-23.0,106.0,26.0,15.0,107.0,28.0,-6.0,-64.0,56.0,25.0,0.0,25.0,8.0,0.0,8.0,23.0,0.0,23.0,15.0,0.0,15.0,6.0,0.0,6.0,4
-7.0,62.0,10.0,-21.0,-23.0,121.0,-1.0,105.0,7.0,1.0,104.0,-6.0,-5.0,-64.0,53.0,9.0,0.0,9.0,21.0,2.0,21.0,1.0,0.0,1.0,1.0,0.0,1.0,5.0,0.0,5.0,-25.0,26.0,27.0,-4.0,-56.0,155.0,-21.0,106.0,26.0,16.0,107.0,29.0,-5.0,-64.0,53.0,27.0,0.0,27.0,4.0,2.0,4.0,21.0,0.0,21.0,16.0,0.0,16.0,5.0,0.0,5.0,4
-8.0,62.0,8.0,-17.0,-21.0,124.0,-1.0,105.0,8.0,2.0,104.0,-5.0,-4.0,-64.0,52.0,8.0,1.0,8.0,17.0,3.0,17.0,1.0,0.0,1.0,2.0,1.0,2.0,4.0,1.0,4.0,-26.0,26.0,25.0,0.0,-54.0,155.0,-21.0,106.0,28.0,17.0,107.0,29.0,-4.0,-64.0,52.0,26.0,1.0,26.0,0.0,2.0,0.0,21.0,1.0,21.0,17.0,1.0,17.0,4.0,1.0,4.0,4
-8.0,63.0,10.0,-13.0,-18.0,128.0,0.0,105.0,6.0,3.0,105.0,-2.0,-4.0,-65.0,51.0,8.0,0.0,8.0,13.0,6.0,13.0,0.0,0.0,0.0,3.0,1.0,3.0,4.0,2.0,4.0,-26.0,25.0,27.0,5.0,-52.0,157.0,-20.0,105.0,29.0,18.0,106.0,31.0,-4.0,-65.0,51.0,26.0,1.0,26.0,5.0,6.0,5.0,20.0,0.0,20.0,18.0,0.0,18.0,4.0,2.0,4.0,4
-8.0,63.0,17.0,-9.0,-12.0,128.0,1.0,105.0,4.0,3.0,104.0,-1.0,-4.0,-63.0,52.0,8.0,0.0,8.0,9.0,8.0,9.0,1.0,0.0,1.0,3.0,1.0,3.0,4.0,1.0,4.0,-26.0,26.0,33.0,8.0,-46.0,152.0,-19.0,105.0,29.0,19.0,106.0,29.0,-4.0,-63.0,52.0,26.0,0.0,26.0,8.0,8.0,8.0,19.0,0.0,19.0,19.0,0.0,19.0,4.0,1.0,4.0,4
-6.0,63.0,12.0,-3.0,-4.0,126.0,0.0,105.0,2.0,3.0,105.0,2.0,-2.0,-64.0,43.0,6.0,0.0,6.0,3.0,20.0,3.0,0.0,0.0,0.0,3.0,0.0,3.0,2.0,1.0,2.0,-25.0,26.0,29.0,14.0,-38.0,146.0,-19.0,105.0,29.0,19.0,106.0,31.0,-2.0,-64.0,43.0,25.0,1.0,25.0,14.0,18.0,14.0,19.0,0.0,19.0,19.0,1.0,19.0,2.0,1.0,2.0,4
-5.0,63.0,14.0,4.0,16.0,121.0,3.0,105.0,-1.0,6.0,105.0,7.0,0.0,-63.0,44.0,5.0,0.0,5.0,4.0,13.0,4.0,1.0,0.0,1.0,2.0,0.0,2.0,2.0,0.0,2.0,-23.0,27.0,31.0,22.0,-20.0,135.0,-14.0,105.0,30.0,24.0,105.0,32.0,0.0,-63.0,44.0,25.0,0.0,25.0,22.0,14.0,22.0,20.0,1.0,20.0,18.0,0.0,18.0,2.0,0.0,2.0,4
-5.0,63.0,17.0,12.0,29.0,102.0,2.0,105.0,3.0,4.0,105.0,2.0,-1.0,-63.0,44.0,5.0,0.0,5.0,12.0,11.0,12.0,2.0,0.0,2.0,4.0,0.0,4.0,1.0,0.0,1.0,-24.0,27.0,30.0,28.0,-6.0,120.0,-17.0,106.0,30.0,21.0,105.0,31.0,-1.0,-63.0,44.0,24.0,0.0,24.0,28.0,11.0,28.0,17.0,1.0,17.0,21.0,0.0,21.0,1.0,0.0,1.0,4
-4.0,63.0,19.0,15.0,40.0,86.0,3.0,105.0,1.0,4.0,105.0,4.0,-1.0,-63.0,41.0,4.0,0.0,4.0,15.0,13.0,15.0,3.0,0.0,3.0,4.0,0.0,4.0,1.0,1.0,1.0,-24.0,27.0,32.0,31.0,5.0,102.0,-16.0,105.0,30.0,21.0,105.0,32.0,-1.0,-63.0,41.0,24.0,0.0,24.0,31.0,13.0,31.0,16.0,0.0,16.0,21.0,0.0,21.0,1.0,1.0,1.0,4
-4.0,63.0,17.0,20.0,53.0,53.0,3.0,105.0,-6.0,6.0,105.0,7.0,-1.0,-62.0,43.0,4.0,1.0,4.0,10.0,6.0,10.0,3.0,0.0,3.0,4.0,1.0,4.0,3.0,0.0,3.0,-23.0,27.0,34.0,36.0,18.0,63.0,-14.0,105.0,26.0,24.0,105.0,30.0,-1.0,-62.0,43.0,23.0,1.0,23.0,26.0,6.0,26.0,14.0,0.0,14.0,24.0,1.0,24.0,3.0,0.0,3.0,4
-2.0,64.0,15.0,15.0,59.0,35.0,3.0,105.0,-6.0,5.0,104.0,8.0,-2.0,-62.0,43.0,2.0,1.0,2.0,9.0,3.0,9.0,3.0,1.0,3.0,5.0,0.0,5.0,2.0,0.0,2.0,-21.0,28.0,33.0,31.0,24.0,43.0,-14.0,105.0,27.0,24.0,104.0,31.0,-2.0,-62.0,43.0,21.0,1.0,21.0,27.0,4.0,27.0,14.0,0.0,14.0,24.0,0.0,24.0,2.0,0.0,2.0,4
-2.0,65.0,15.0,12.0,62.0,16.0,4.0,104.0,-10.0,7.0,104.0,11.0,0.0,-62.0,44.0,2.0,1.0,2.0,2.0,1.0,2.0,4.0,0.0,4.0,7.0,0.0,7.0,0.0,1.0,0.0,-21.0,29.0,33.0,29.0,28.0,21.0,-12.0,105.0,25.0,26.0,104.0,30.0,0.0,-62.0,44.0,21.0,1.0,21.0,19.0,1.0,19.0,12.0,0.0,12.0,26.0,1.0,26.0,0.0,1.0,0.0,4
-2.0,66.0,21.0,7.0,63.0,1.0,5.0,104.0,-9.0,8.0,104.0,12.0,0.0,-63.0,42.0,2.0,0.0,2.0,7.0,1.0,7.0,5.0,0.0,5.0,8.0,1.0,8.0,0.0,0.0,0.0,-20.0,30.0,40.0,24.0,29.0,4.0,-11.0,105.0,27.0,27.0,103.0,31.0,0.0,-63.0,42.0,20.0,0.0,20.0,24.0,2.0,24.0,11.0,0.0,11.0,27.0,0.0,27.0,0.0,0.0,0.0,4
0.0,66.0,16.0,10.0,62.0,10.0,6.0,104.0,-11.0,10.0,105.0,13.0,1.0,-63.0,43.0,0.0,66.0,0.0,10.0,62.0,10.0,6.0,104.0,6.0,10.0,105.0,10.0,1.0,-63.0,1.0,-18.0,30.0,37.0,27.0,27.0,12.0,-10.0,105.0,27.0,29.0,103.0,31.0,1.0,-63.0,43.0,-18.0,30.0,-18.0,27.0,27.0,27.0,-10.0,105.0,-10.0,29.0,103.0,29.0,1.0,-63.0,1.0,4
