left_arm_local_X,left_arm_local_Y,left_arm_local_Z,right_arm_local_X,right_arm_local_Y,right_arm_local_Z,left_leg_local_X,left_leg_local_Y,left_leg_local_Z,right_leg_local_X,right_leg_local_Y,right_leg_local_Z,waist_head_local_X,waist_head_local_Y,waist_head_local_Z,left_arm_local_distX,left_arm_local__distY,left_arm_local__distZ,right_arm_local__distX,right_arm_local__distY,right_arm_local__distZ,left_leg_local__distX,left_leg_local__distY,left_leg_local__distZ,right_leg_local__distX,right_leg_local__distY,right_leg_local__distZ,waist_head_local__distX,waist_head_local__distY,waist_head_local__distZ,left_arm_global_X,left_arm_global_Y,left_arm_global_Z,right_arm_global_X,right_arm_global_Y,right_arm_global_Z,left_leg_global_X,left_leg_global_Y,left_leg_global_Z,right_leg_global_X,right_leg_global_Y,right_leg_global_Z,waist_head_global_X,waist_head_global_Y,waist_head_global_Z,left_arm_global_distX,left_arm_global__distY,left_arm_global__distZ,right_arm_global__distX,right_arm_global__distY,right_arm_global__distZ,left_leg_global__distX,left_leg_global__distY,left_leg_global__distZ,right_leg_global__distX,right_leg_global__distY,right_global__leg_distZ,waist_head_global__distX,waist_head_global__distY,waist_head_global__distZ,label
-3.0,65.0,13.0,0.0,64.0,23.0,-2.0,109.0,-4.0,-3.0,112.0,24.0,4.0,-74.0,41.0,3.0,0.0,3.0,2.0,0.0,2.0,2.0,0.0,2.0,3.0,0.0,3.0,4.0,0.0,4.0,-20.0,26.0,37.0,20.0,26.0,40.0,-16.0,111.0,31.0,13.0,113.0,51.0,4.0,-74.0,41.0,20.0,0.0,20.0,20.0,0.0,20.0,16.0,0.0,16.0,13.0,0.0,13.0,4.0,0.0,4.0,5
-3.0,65.0,13.0,-1.0,64.0,27.0,-2.0,109.0,-4.0,-2.0,112.0,26.0,5.0,-74.0,40.0,7.0,0.0,7.0,1.0,4.0,1.0,2.0,1.0,2.0,2.0,1.0,2.0,5.0,0.0,5.0,-19.0,26.0,37.0,20.0,26.0,43.0,-15.0,111.0,32.0,15.0,113.0,51.0,5.0,-74.0,40.0,25.0,0.0,25.0,20.0,4.0,20.0,19.0,1.0,19.0,11.0,1.0,11.0,5.0,0.0,5.0,5
-5.0,65.0,17.0,0.0,60.0,46.0,-2.0,110.0,0.0,-2.0,111.0,24.0,5.0,-74.0,43.0,5.0,0.0,5.0,0.0,14.0,0.0,8.0,2.0,8.0,2.0,1.0,2.0,5.0,1.0,5.0,-22.0,26.0,42.0,20.0,22.0,60.0,-17.0,112.0,34.0,13.0,112.0,51.0,5.0,-74.0,43.0,22.0,1.0,22.0,20.0,16.0,20.0,21.0,2.0,21.0,13.0,2.0,13.0,5.0,1.0,5.0,5
-3.0,65.0,9.0,0.0,46.0,71.0,-5.0,108.0,14.0,-2.0,112.0,39.0,5.0,-75.0,60.0,3.0,1.0,3.0,0.0,22.0,0.0,13.0,2.0,13.0,8.0,1.0,8.0,1.0,2.0,1.0,-21.0,25.0,49.0,20.0,6.0,97.0,-19.0,110.0,50.0,13.0,110.0,64.0,5.0,-75.0,60.0,21.0,1.0,21.0,20.0,21.0,20.0,25.0,2.0,25.0,9.0,2.0,9.0,1.0,2.0,1.0,5
-2.0,64.0,10.0,6.0,24.0,81.0,-9.0,110.0,8.0,-5.0,111.0,27.0,3.0,-73.0,48.0,2.0,1.0,2.0,6.0,23.0,6.0,11.0,0.0,11.0,7.0,0.0,7.0,3.0,0.0,3.0,-21.0,26.0,41.0,24.0,-15.0,96.0,-22.0,112.0,44.0,11.0,112.0,51.0,3.0,-73.0,48.0,23.0,1.0,23.0,24.0,23.0,24.0,26.0,0.0,26.0,9.0,0.0,9.0,3.0,0.0,3.0,5
-2.0,65.0,16.0,7.0,1.0,85.0,-10.0,110.0,14.0,-6.0,111.0,27.0,3.0,-73.0,50.0,4.0,1.0,4.0,1.0,9.0,1.0,14.0,2.0,14.0,10.0,1.0,10.0,3.0,1.0,3.0,-22.0,27.0,47.0,25.0,-38.0,103.0,-24.0,112.0,50.0,10.0,112.0,52.0,3.0,-73.0,50.0,24.0,1.0,24.0,15.0,9.0,15.0,28.0,2.0,28.0,6.0,1.0,6.0,3.0,1.0,3.0,5
-3.0,66.0,15.0,3.0,-8.0,74.0,-12.0,112.0,34.0,-8.0,112.0,25.0,0.0,-72.0,57.0,7.0,1.0,7.0,1.0,9.0,1.0,18.0,0.0,18.0,16.0,0.0,16.0,6.0,1.0,6.0,-23.0,28.0,45.0,20.0,-47.0,93.0,-26.0,114.0,69.0,8.0,113.0,51.0,0.0,-72.0,57.0,29.0,1.0,29.0,14.0,10.0,14.0,34.0,0.0,34.0,2.0,0.0,2.0,6.0,1.0,6.0,5
-5.0,65.0,19.0,1.0,-17.0,78.0,-15.0,112.0,45.0,-12.0,112.0,21.0,-3.0,-73.0,57.0,5.0,1.0,5.0,3.0,5.0,3.0,15.0,0.0,15.0,14.0,0.0,14.0,9.0,1.0,9.0,-26.0,27.0,43.0,17.0,-57.0,102.0,-30.0,114.0,76.0,3.0,113.0,52.0,-3.0,-73.0,57.0,28.0,1.0,28.0,11.0,6.0,11.0,34.0,0.0,34.0,3.0,1.0,3.0,9.0,1.0,9.0,5
-5.0,64.0,23.0,-1.0,-22.0,91.0,-15.0,112.0,52.0,-13.0,112.0,16.0,-6.0,-74.0,59.0,7.0,2.0,7.0,5.0,11.0,5.0,25.0,0.0,25.0,19.0,2.0,19.0,16.0,0.0,16.0,-27.0,26.0,43.0,14.0,-63.0,124.0,-32.0,114.0,78.0,0.0,114.0,51.0,-6.0,-74.0,59.0,33.0,1.0,33.0,2.0,11.0,2.0,46.0,1.0,46.0,18.0,0.0,18.0,16.0,0.0,16.0,5
-6.0,62.0,28.0,-3.0,-33.0,121.0,-20.0,112.0,56.0,-16.0,110.0,0.0,-11.0,-74.0,55.0,14.0,1.0,14.0,3.0,4.0,3.0,26.0,1.0,26.0,18.0,2.0,18.0,17.0,2.0,17.0,-30.0,25.0,34.0,6.0,-74.0,170.0,-39.0,113.0,68.0,-9.0,114.0,44.0,-11.0,-74.0,55.0,36.0,1.0,36.0,2.0,5.0,2.0,47.0,2.0,47.0,19.0,3.0,19.0,17.0,2.0,17.0,5
-10.0,61.0,21.0,0.0,-37.0,144.0,-23.0,111.0,56.0,-17.0,108.0,-11.0,-14.0,-76.0,51.0,12.0,1.0,12.0,0.0,1.0,0.0,31.0,0.0,31.0,19.0,2.0,19.0,18.0,2.0,18.0,-33.0,24.0,19.0,4.0,-79.0,199.0,-43.0,111.0,59.0,-14.0,111.0,35.0,-14.0,-76.0,51.0,35.0,3.0,35.0,4.0,0.0,4.0,49.0,2.0,49.0,22.0,1.0,22.0,18.0,2.0,18.0,5
-11.0,60.0,17.0,5.0,-36.0,146.0,-27.0,111.0,56.0,-18.0,106.0,-20.0,-16.0,-78.0,50.0,11.0,1.0,11.0,3.0,1.0,3.0,33.0,1.0,33.0,22.0,1.0,22.0,22.0,1.0,22.0,-34.0,21.0,10.0,4.0,-79.0,207.0,-46.0,109.0,51.0,-18.0,110.0,26.0,-16.0,-78.0,50.0,38.0,1.0,38.0,14.0,2.0,14.0,52.0,1.0,52.0,26.0,0.0,26.0,22.0,1.0,22.0,5
-11.0,59.0,12.0,1.0,-35.0,145.0,-30.0,110.0,50.0,-20.0,105.0,-27.0,-19.0,-77.0,48.0,13.0,1.0,13.0,3.0,1.0,3.0,30.0,1.0,30.0,20.0,0.0,20.0,23.0,0.0,23.0,-36.0,20.0,1.0,-5.0,-77.0,208.0,-49.0,108.0,40.0,-22.0,110.0,19.0,-19.0,-77.0,48.0,36.0,2.0,36.0,7.0,0.0,7.0,49.0,1.0,49.0,22.0,1.0,22.0,23.0,0.0,23.0,5
-12.0,58.0,11.0,-1.0,-34.0,145.0,-30.0,109.0,46.0,-19.0,105.0,-31.0,-21.0,-77.0,44.0,12.0,1.0,12.0,1.0,1.0,1.0,30.0,1.0,30.0,19.0,0.0,19.0,21.0,1.0,21.0,-36.0,18.0,-1.0,-6.0,-77.0,207.0,-49.0,107.0,36.0,-22.0,109.0,15.0,-21.0,-77.0,44.0,36.0,0.0,36.0,6.0,2.0,6.0,49.0,0.0,49.0,22.0,0.0,22.0,21.0,1.0,21.0,5
-11.0,59.0,6.0,-1.0,-33.0,145.0,-29.0,110.0,46.0,-19.0,105.0,-30.0,-20.0,-78.0,45.0,11.0,0.0,11.0,3.0,7.0,3.0,29.0,0.0,29.0,19.0,0.0,19.0,26.0,2.0,26.0,-35.0,18.0,-3.0,-5.0,-75.0,207.0,-48.0,107.0,38.0,-20.0,109.0,16.0,-20.0,-78.0,45.0,37.0,1.0,37.0,5.0,8.0,5.0,50.0,1.0,50.0,20.0,1.0,20.0,26.0,2.0,26.0,5
-10.0,59.0,3.0,-2.0,-26.0,146.0,-29.0,110.0,50.0,-19.0,105.0,-27.0,-23.0,-76.0,43.0,10.0,1.0,10.0,8.0,6.0,8.0,29.0,0.0,29.0,19.0,0.0,19.0,23.0,1.0,23.0,-36.0,19.0,-2.0,-5.0,-67.0,208.0,-49.0,108.0,46.0,-20.0,110.0,19.0,-23.0,-76.0,43.0,36.0,1.0,36.0,5.0,7.0,5.0,49.0,0.0,49.0,20.0,0.0,20.0,23.0,1.0,23.0,5
-10.0,60.0,3.0,-5.0,-20.0,144.0,-27.0,110.0,50.0,-19.0,105.0,-23.0,-21.0,-75.0,46.0,12.0,0.0,12.0,9.0,15.0,9.0,27.0,1.0,27.0,19.0,0.0,19.0,21.0,0.0,21.0,-35.0,20.0,2.0,-5.0,-60.0,207.0,-47.0,108.0,49.0,-18.0,110.0,22.0,-21.0,-75.0,46.0,35.0,3.0,35.0,5.0,15.0,5.0,47.0,2.0,47.0,18.0,1.0,18.0,21.0,0.0,21.0,5
-11.0,60.0,8.0,-7.0,-5.0,138.0,-26.0,111.0,49.0,-19.0,105.0,-18.0,-16.0,-75.0,46.0,11.0,2.0,11.0,7.0,36.0,7.0,26.0,1.0,26.0,19.0,4.0,19.0,16.0,0.0,16.0,-34.0,23.0,5.0,-3.0,-45.0,195.0,-46.0,110.0,51.0,-16.0,111.0,27.0,-16.0,-75.0,46.0,34.0,2.0,34.0,3.0,33.0,3.0,46.0,1.0,46.0,16.0,2.0,16.0,16.0,0.0,16.0,5
-8.0,62.0,15.0,-5.0,31.0,115.0,-20.0,112.0,38.0,-18.0,109.0,-5.0,-11.0,-75.0,55.0,8.0,0.0,8.0,5.0,25.0,5.0,20.0,1.0,20.0,18.0,0.0,18.0,11.0,1.0,11.0,-32.0,25.0,17.0,4.0,-12.0,160.0,-39.0,111.0,49.0,-11.0,113.0,38.0,-11.0,-75.0,55.0,32.0,1.0,32.0,4.0,26.0,4.0,39.0,1.0,39.0,11.0,0.0,11.0,11.0,1.0,11.0,5
-7.0,62.0,10.0,-2.0,56.0,77.0,-13.0,111.0,23.0,-13.0,109.0,-1.0,-6.0,-74.0,52.0,9.0,0.0,9.0,2.0,10.0,2.0,13.0,0.0,13.0,13.0,1.0,13.0,6.0,0.0,6.0,-28.0,26.0,15.0,12.0,14.0,116.0,-32.0,112.0,38.0,-5.0,113.0,40.0,-6.0,-74.0,52.0,28.0,1.0,28.0,12.0,12.0,12.0,32.0,0.0,32.0,5.0,1.0,5.0,6.0,0.0,6.0,5
-8.0,62.0,6.0,1.0,66.0,23.0,-10.0,111.0,12.0,-11.0,110.0,5.0,-4.0,-74.0,51.0,8.0,1.0,8.0,1.0,4.0,1.0,10.0,0.0,10.0,11.0,0.0,11.0,4.0,0.0,4.0,-27.0,25.0,17.0,19.0,26.0,60.0,-28.0,112.0,32.0,-1.0,114.0,44.0,-4.0,-74.0,51.0,27.0,0.0,27.0,19.0,3.0,19.0,28.0,0.0,28.0,1.0,0.0,1.0,4.0,0.0,4.0,5
-7.0,63.0,8.0,2.0,62.0,-7.0,-10.0,111.0,8.0,-11.0,110.0,11.0,-2.0,-74.0,50.0,7.0,2.0,7.0,2.0,1.0,2.0,10.0,0.0,10.0,11.0,2.0,11.0,2.0,0.0,2.0,-27.0,25.0,24.0,19.0,23.0,23.0,-27.0,112.0,33.0,1.0,114.0,47.0,-2.0,-74.0,50.0,27.0,1.0,27.0,19.0,1.0,19.0,27.0,1.0,27.0,1.0,1.0,1.0,2.0,0.0,2.0,5
-7.0,65.0,14.0,3.0,63.0,-17.0,-6.0,111.0,1.0,-9.0,112.0,8.0,0.0,-74.0,45.0,7.0,1.0,7.0,3.0,0.0,3.0,6.0,0.0,6.0,9.0,0.0,9.0,0.0,0.0,0.0,-26.0,26.0,30.0,22.0,24.0,6.0,-23.0,113.0,29.0,5.0,115.0,42.0,0.0,-74.0,45.0,26.0,1.0,26.0,22.0,1.0,22.0,23.0,0.0,23.0,5.0,0.0,5.0,0.0,0.0,0.0,5
-7.0,64.0,11.0,4.0,63.0,-16.0,-5.0,111.0,-2.0,-7.0,112.0,8.0,0.0,-74.0,46.0,7.0,1.0,7.0,4.0,1.0,4.0,5.0,0.0,5.0,7.0,0.0,7.0,0.0,1.0,0.0,-26.0,25.0,28.0,23.0,25.0,5.0,-21.0,113.0,29.0,7.0,115.0,39.0,0.0,-74.0,46.0,26.0,0.0,26.0,23.0,1.0,23.0,21.0,1.0,21.0,7.0,1.0,7.0,0.0,1.0,0.0,5
-7.0,65.0,20.0,10.0,64.0,-9.0,-4.0,111.0,-2.0,-7.0,112.0,12.0,0.0,-75.0,42.0,7.0,0.0,7.0,10.0,1.0,10.0,4.0,1.0,4.0,7.0,0.0,7.0,0.0,0.0,0.0,-26.0,25.0,40.0,29.0,26.0,11.0,-20.0,112.0,31.0,8.0,114.0,41.0,0.0,-75.0,42.0,26.0,0.0,26.0,29.0,1.0,29.0,20.0,0.0,20.0,8.0,0.0,8.0,0.0,0.0,0.0,5
-7.0,65.0,28.0,10.0,65.0,7.0,-3.0,110.0,-1.0,-5.0,112.0,14.0,1.0,-75.0,43.0,7.0,0.0,7.0,8.0,0.0,8.0,3.0,0.0,3.0,5.0,0.0,5.0,1.0,0.0,1.0,-26.0,25.0,49.0,29.0,27.0,26.0,-18.0,112.0,32.0,10.0,114.0,43.0,1.0,-75.0,43.0,26.0,0.0,26.0,27.0,0.0,27.0,18.0,0.0,18.0,10.0,0.0,10.0,1.0,0.0,1.0,5
-5.0,65.0,29.0,9.0,65.0,28.0,-2.0,110.0,-3.0,-5.0,112.0,13.0,1.0,-75.0,43.0,5.0,0.0,5.0,11.0,2.0,11.0,2.0,1.0,2.0,5.0,1.0,5.0,1.0,0.0,1.0,-24.0,25.0,51.0,28.0,27.0,45.0,-17.0,112.0,30.0,11.0,114.0,42.0,1.0,-75.0,43.0,24.0,0.0,24.0,10.0,2.0,10.0,17.0,1.0,17.0,11.0,0.0,11.0,1.0,0.0,1.0,5
-2.0,65.0,30.0,-1.0,63.0,44.0,-1.0,111.0,-1.0,-3.0,113.0,15.0,1.0,-75.0,46.0,4.0,0.0,4.0,11.0,2.0,11.0,1.0,0.0,1.0,3.0,1.0,3.0,1.0,1.0,1.0,-20.0,25.0,53.0,19.0,25.0,63.0,-16.0,113.0,31.0,12.0,114.0,45.0,1.0,-75.0,46.0,22.0,0.0,22.0,9.0,2.0,9.0,18.0,0.0,18.0,10.0,0.0,10.0,1.0,1.0,1.0,5
-3.0,65.0,29.0,-6.0,61.0,48.0,-1.0,111.0,-2.0,-3.0,112.0,10.0,2.0,-74.0,41.0,3.0,1.0,3.0,8.0,1.0,8.0,3.0,1.0,3.0,5.0,0.0,5.0,2.0,0.0,2.0,-21.0,25.0,47.0,14.0,23.0,65.0,-17.0,113.0,28.0,11.0,114.0,41.0,2.0,-74.0,41.0,23.0,0.0,23.0,8.0,1.0,8.0,21.0,1.0,21.0,7.0,0.0,7.0,2.0,0.0,2.0,5
-2.0,64.0,23.0,-7.0,62.0,43.0,-2.0,110.0,-1.0,-4.0,112.0,9.0,0.0,-74.0,42.0,4.0,1.0,4.0,7.0,2.0,7.0,2.0,0.0,2.0,4.0,0.0,4.0,0.0,0.0,0.0,-22.0,25.0,40.0,11.0,24.0,61.0,-19.0,112.0,28.0,9.0,114.0,42.0,0.0,-74.0,42.0,22.0,1.0,22.0,11.0,1.0,11.0,19.0,1.0,19.0,9.0,0.0,9.0,0.0,0.0,0.0,5
-3.0,65.0,29.0,-7.0,64.0,35.0,1.0,110.0,-3.0,-3.0,112.0,12.0,1.0,-74.0,45.0,3.0,0.0,3.0,7.0,1.0,7.0,1.0,0.0,1.0,3.0,1.0,3.0,1.0,0.0,1.0,-21.0,26.0,47.0,13.0,25.0,54.0,-15.0,113.0,29.0,12.0,114.0,43.0,1.0,-74.0,45.0,23.0,0.0,23.0,13.0,1.0,13.0,17.0,0.0,17.0,12.0,0.0,12.0,1.0,0.0,1.0,5
-3.0,65.0,18.0,-5.0,65.0,30.0,0.0,110.0,-1.0,-2.0,113.0,11.0,1.0,-74.0,44.0,3.0,0.0,3.0,5.0,1.0,5.0,2.0,1.0,2.0,4.0,1.0,4.0,1.0,0.0,1.0,-22.0,26.0,34.0,14.0,26.0,49.0,-16.0,113.0,28.0,12.0,114.0,42.0,1.0,-74.0,44.0,22.0,1.0,22.0,14.0,2.0,14.0,18.0,0.0,18.0,10.0,0.0,10.0,1.0,0.0,1.0,5
-2.0,65.0,22.0,0.0,66.0,25.0,-1.0,111.0,1.0,-3.0,112.0,10.0,1.0,-74.0,47.0,-2.0,65.0,-2.0,0.0,66.0,0.0,-1.0,111.0,-1.0,-3.0,112.0,-3.0,1.0,-74.0,1.0,-21.0,27.0,40.0,19.0,28.0,47.0,-17.0,113.0,31.0,11.0,114.0,43.0,1.0,-74.0,47.0,-21.0,27.0,-21.0,19.0,28.0,19.0,-17.0,113.0,-17.0,11.0,114.0,11.0,1.0,-74.0,1.0,5
