left_arm_local_X,left_arm_local_Y,left_arm_local_Z,right_arm_local_X,right_arm_local_Y,right_arm_local_Z,left_leg_local_X,left_leg_local_Y,left_leg_local_Z,right_leg_local_X,right_leg_local_Y,right_leg_local_Z,waist_head_local_X,waist_head_local_Y,waist_head_local_Z,left_arm_local_distX,left_arm_local__distY,left_arm_local__distZ,right_arm_local__distX,right_arm_local__distY,right_arm_local__distZ,left_leg_local__distX,left_leg_local__distY,left_leg_local__distZ,right_leg_local__distX,right_leg_local__distY,right_leg_local__distZ,waist_head_local__distX,waist_head_local__distY,waist_head_local__distZ,left_arm_global_X,left_arm_global_Y,left_arm_global_Z,right_arm_global_X,right_arm_global_Y,right_arm_global_Z,left_leg_global_X,left_leg_global_Y,left_leg_global_Z,right_leg_global_X,right_leg_global_Y,right_leg_global_Z,waist_head_global_X,waist_head_global_Y,waist_head_global_Z,left_arm_global_distX,left_arm_global__distY,left_arm_global__distZ,right_arm_global__distX,right_arm_global__distY,right_arm_global__distZ,left_leg_global__distX,left_leg_global__distY,left_leg_global__distZ,right_leg_global__distX,right_leg_global__distY,right_global__leg_distZ,waist_head_global__distX,waist_head_global__distY,waist_head_global__distZ,label
-9.0,62.0,6.0,7.0,60.0,26.0,1.0,92.0,-5.0,-7.0,93.0,-6.0,-3.0,-67.0,41.0,9.0,0.0,9.0,7.0,1.0,7.0,1.0,0.0,1.0,7.0,0.0,7.0,3.0,1.0,3.0,-26.0,26.0,26.0,20.0,21.0,47.0,-18.0,93.0,22.0,10.0,95.0,22.0,-3.0,-67.0,41.0,26.0,0.0,26.0,20.0,2.0,20.0,18.0,1.0,18.0,10.0,0.0,10.0,3.0,1.0,3.0,5
-8.0,62.0,7.0,9.0,61.0,-14.0,1.0,92.0,-7.0,-6.0,93.0,-5.0,-3.0,-66.0,43.0,10.0,1.0,10.0,5.0,2.0,5.0,1.0,0.0,1.0,6.0,0.0,6.0,3.0,1.0,3.0,-24.0,26.0,28.0,23.0,23.0,8.0,-17.0,94.0,21.0,11.0,95.0,22.0,-3.0,-66.0,43.0,24.0,0.0,24.0,21.0,3.0,21.0,17.0,1.0,17.0,11.0,1.0,11.0,3.0,1.0,3.0,5
-9.0,63.0,4.0,7.0,59.0,-19.0,3.0,92.0,-8.0,-4.0,93.0,-3.0,-1.0,-67.0,44.0,9.0,1.0,9.0,7.0,1.0,7.0,3.0,0.0,3.0,6.0,0.0,6.0,1.0,1.0,1.0,-24.0,26.0,29.0,22.0,20.0,-2.0,-14.0,93.0,24.0,14.0,94.0,19.0,-1.0,-67.0,44.0,24.0,1.0,24.0,22.0,2.0,22.0,14.0,0.0,14.0,14.0,1.0,14.0,1.0,1.0,1.0,5
-9.0,64.0,3.0,9.0,60.0,-19.0,3.0,92.0,-13.0,-5.0,93.0,1.0,-1.0,-66.0,45.0,9.0,1.0,9.0,9.0,1.0,9.0,3.0,0.0,3.0,5.0,0.0,5.0,1.0,1.0,1.0,-24.0,27.0,30.0,24.0,22.0,-6.0,-14.0,93.0,22.0,14.0,95.0,19.0,-1.0,-66.0,45.0,24.0,1.0,24.0,24.0,0.0,24.0,14.0,0.0,14.0,14.0,1.0,14.0,1.0,1.0,1.0,5
-8.0,63.0,7.0,10.0,61.0,-3.0,4.0,92.0,-15.0,-4.0,93.0,2.0,0.0,-67.0,47.0,8.0,2.0,8.0,10.0,2.0,10.0,4.0,0.0,4.0,4.0,1.0,4.0,4.0,1.0,4.0,-23.0,26.0,36.0,25.0,22.0,8.0,-11.0,93.0,22.0,16.0,94.0,19.0,0.0,-67.0,47.0,25.0,2.0,25.0,23.0,2.0,23.0,13.0,0.0,13.0,14.0,0.0,14.0,4.0,1.0,4.0,5
-8.0,65.0,5.0,10.0,59.0,20.0,4.0,92.0,-16.0,-4.0,94.0,3.0,-2.0,-66.0,46.0,8.0,0.0,8.0,10.0,2.0,10.0,4.0,0.0,4.0,4.0,0.0,4.0,2.0,0.0,2.0,-24.0,28.0,34.0,24.0,20.0,30.0,-12.0,93.0,22.0,15.0,94.0,19.0,-2.0,-66.0,46.0,24.0,0.0,24.0,24.0,1.0,24.0,12.0,0.0,12.0,15.0,0.0,15.0,2.0,0.0,2.0,5
-7.0,65.0,12.0,13.0,57.0,28.0,4.0,92.0,-17.0,-3.0,94.0,4.0,-1.0,-66.0,46.0,7.0,1.0,7.0,13.0,6.0,13.0,2.0,0.0,2.0,7.0,0.0,7.0,3.0,0.0,3.0,-22.0,28.0,42.0,27.0,19.0,39.0,-11.0,93.0,21.0,17.0,94.0,19.0,-1.0,-66.0,46.0,26.0,1.0,26.0,27.0,7.0,27.0,15.0,0.0,15.0,11.0,0.0,11.0,3.0,0.0,3.0,5
-7.0,64.0,9.0,17.0,51.0,48.0,3.0,92.0,-12.0,-5.0,94.0,2.0,-2.0,-66.0,46.0,7.0,0.0,7.0,17.0,7.0,17.0,3.0,1.0,3.0,5.0,0.0,5.0,2.0,1.0,2.0,-24.0,27.0,36.0,30.0,12.0,60.0,-13.0,93.0,23.0,14.0,94.0,20.0,-2.0,-66.0,46.0,24.0,0.0,24.0,30.0,8.0,30.0,13.0,0.0,13.0,14.0,0.0,14.0,2.0,1.0,2.0,5
-7.0,64.0,11.0,17.0,44.0,57.0,3.0,93.0,-12.0,-5.0,94.0,3.0,-2.0,-67.0,49.0,11.0,1.0,11.0,15.0,11.0,15.0,3.0,1.0,3.0,5.0,0.0,5.0,2.0,0.0,2.0,-24.0,27.0,39.0,30.0,4.0,70.0,-13.0,93.0,23.0,14.0,94.0,21.0,-2.0,-67.0,49.0,26.0,1.0,26.0,28.0,11.0,28.0,13.0,0.0,13.0,14.0,0.0,14.0,2.0,0.0,2.0,5
-9.0,63.0,7.0,16.0,33.0,66.0,3.0,92.0,-12.0,-5.0,94.0,1.0,-2.0,-67.0,48.0,9.0,0.0,9.0,12.0,23.0,12.0,1.0,0.0,1.0,7.0,0.0,7.0,2.0,0.0,2.0,-25.0,26.0,34.0,29.0,-7.0,80.0,-13.0,93.0,23.0,14.0,94.0,20.0,-2.0,-67.0,48.0,25.0,1.0,25.0,23.0,23.0,23.0,17.0,1.0,17.0,10.0,0.0,10.0,2.0,0.0,2.0,5
-7.0,63.0,8.0,14.0,10.0,61.0,2.0,92.0,-9.0,-6.0,94.0,-1.0,-2.0,-67.0,45.0,7.0,0.0,7.0,8.0,11.0,8.0,0.0,0.0,0.0,6.0,0.0,6.0,2.0,0.0,2.0,-25.0,25.0,32.0,26.0,-30.0,76.0,-15.0,92.0,23.0,12.0,94.0,21.0,-2.0,-67.0,45.0,25.0,0.0,25.0,22.0,10.0,22.0,17.0,0.0,17.0,12.0,0.0,12.0,2.0,0.0,2.0,5
-7.0,63.0,6.0,11.0,-1.0,48.0,1.0,92.0,-9.0,-6.0,94.0,-1.0,-2.0,-67.0,45.0,7.0,1.0,7.0,7.0,2.0,7.0,1.0,1.0,1.0,8.0,1.0,8.0,4.0,1.0,4.0,-25.0,25.0,30.0,24.0,-40.0,65.0,-16.0,92.0,22.0,12.0,94.0,23.0,-2.0,-67.0,45.0,25.0,2.0,25.0,18.0,1.0,18.0,20.0,0.0,20.0,10.0,1.0,10.0,4.0,1.0,4.0,5
-6.0,64.0,8.0,9.0,-3.0,36.0,0.0,91.0,-9.0,-7.0,93.0,-3.0,-3.0,-66.0,45.0,8.0,2.0,8.0,1.0,5.0,1.0,2.0,1.0,2.0,9.0,0.0,9.0,7.0,0.0,7.0,-25.0,27.0,28.0,21.0,-41.0,53.0,-18.0,92.0,20.0,11.0,95.0,22.0,-3.0,-66.0,45.0,27.0,0.0,27.0,11.0,7.0,11.0,22.0,1.0,22.0,5.0,0.0,5.0,7.0,0.0,7.0,5
-7.0,62.0,5.0,5.0,-8.0,44.0,-1.0,92.0,-3.0,-8.0,93.0,-9.0,-5.0,-66.0,40.0,9.0,1.0,9.0,5.0,7.0,5.0,7.0,0.0,7.0,14.0,0.0,14.0,9.0,0.0,9.0,-26.0,27.0,22.0,16.0,-48.0,67.0,-20.0,93.0,20.0,8.0,95.0,22.0,-5.0,-66.0,40.0,30.0,1.0,30.0,12.0,7.0,12.0,28.0,1.0,28.0,2.0,0.0,2.0,9.0,0.0,9.0,5
-8.0,61.0,9.0,5.0,-15.0,61.0,-4.0,92.0,2.0,-11.0,93.0,-17.0,-7.0,-66.0,40.0,10.0,1.0,10.0,5.0,9.0,5.0,8.0,0.0,8.0,13.0,0.0,13.0,11.0,1.0,11.0,-28.0,26.0,18.0,14.0,-55.0,90.0,-24.0,92.0,18.0,3.0,95.0,21.0,-7.0,-66.0,40.0,28.0,1.0,28.0,14.0,8.0,14.0,28.0,1.0,28.0,1.0,0.0,1.0,11.0,1.0,11.0,5
-9.0,60.0,4.0,5.0,-24.0,98.0,-6.0,92.0,6.0,-12.0,93.0,-19.0,-9.0,-67.0,38.0,9.0,1.0,9.0,5.0,9.0,5.0,8.0,0.0,8.0,12.0,2.0,12.0,9.0,0.0,9.0,-28.0,25.0,14.0,14.0,-63.0,132.0,-26.0,91.0,19.0,1.0,95.0,21.0,-9.0,-67.0,38.0,28.0,0.0,28.0,14.0,8.0,14.0,28.0,0.0,28.0,1.0,1.0,1.0,9.0,0.0,9.0,5
-8.0,61.0,1.0,8.0,-33.0,143.0,-7.0,92.0,11.0,-10.0,91.0,-25.0,-7.0,-67.0,37.0,12.0,1.0,12.0,4.0,1.0,4.0,11.0,0.0,11.0,12.0,1.0,12.0,9.0,0.0,9.0,-27.0,25.0,10.0,15.0,-71.0,182.0,-27.0,91.0,19.0,1.0,94.0,17.0,-7.0,-67.0,37.0,31.0,1.0,31.0,7.0,1.0,7.0,33.0,0.0,33.0,5.0,0.0,5.0,9.0,0.0,9.0,5
-10.0,60.0,0.0,6.0,-32.0,144.0,-9.0,92.0,12.0,-11.0,90.0,-31.0,-8.0,-67.0,33.0,12.0,1.0,12.0,6.0,0.0,6.0,15.0,1.0,15.0,11.0,0.0,11.0,12.0,0.0,12.0,-29.0,24.0,6.0,11.0,-70.0,185.0,-30.0,91.0,16.0,-2.0,94.0,13.0,-8.0,-67.0,33.0,29.0,1.0,29.0,5.0,0.0,5.0,34.0,1.0,34.0,8.0,0.0,8.0,12.0,0.0,12.0,5
-11.0,59.0,-1.0,6.0,-32.0,144.0,-12.0,91.0,17.0,-11.0,90.0,-38.0,-10.0,-67.0,31.0,15.0,1.0,15.0,6.0,2.0,6.0,18.0,0.0,18.0,11.0,1.0,11.0,10.0,0.0,10.0,-29.0,23.0,-2.0,8.0,-70.0,190.0,-32.0,90.0,10.0,-5.0,94.0,9.0,-10.0,-67.0,31.0,31.0,1.0,31.0,8.0,2.0,8.0,36.0,1.0,36.0,9.0,1.0,9.0,10.0,0.0,10.0,5
-13.0,58.0,5.0,8.0,-30.0,143.0,-15.0,91.0,17.0,-11.0,89.0,-44.0,-10.0,-67.0,28.0,13.0,1.0,13.0,8.0,2.0,8.0,15.0,0.0,15.0,11.0,0.0,11.0,10.0,0.0,10.0,-30.0,22.0,-1.0,9.0,-68.0,188.0,-34.0,89.0,6.0,-7.0,93.0,4.0,-10.0,-67.0,28.0,30.0,1.0,30.0,9.0,2.0,9.0,34.0,0.0,34.0,7.0,0.0,7.0,10.0,0.0,10.0,5
-12.0,59.0,4.0,8.0,-28.0,144.0,-13.0,91.0,16.0,-11.0,89.0,-41.0,-9.0,-67.0,29.0,12.0,1.0,12.0,8.0,0.0,8.0,13.0,0.0,13.0,11.0,0.0,11.0,9.0,2.0,9.0,-30.0,23.0,-1.0,11.0,-66.0,188.0,-33.0,89.0,8.0,-6.0,93.0,6.0,-9.0,-67.0,29.0,30.0,0.0,30.0,11.0,2.0,11.0,33.0,1.0,33.0,6.0,1.0,6.0,9.0,2.0,9.0,5
-12.0,58.0,7.0,8.0,-28.0,142.0,-13.0,91.0,17.0,-10.0,89.0,-40.0,-9.0,-65.0,27.0,12.0,1.0,12.0,0.0,11.0,0.0,13.0,1.0,13.0,12.0,1.0,12.0,9.0,0.0,9.0,-30.0,23.0,4.0,11.0,-64.0,187.0,-33.0,90.0,10.0,-5.0,94.0,8.0,-9.0,-65.0,27.0,30.0,1.0,30.0,11.0,12.0,11.0,33.0,2.0,33.0,5.0,1.0,5.0,9.0,0.0,9.0,5
-10.0,59.0,3.0,4.0,-17.0,139.0,-10.0,92.0,14.0,-11.0,90.0,-31.0,-8.0,-65.0,29.0,10.0,0.0,10.0,4.0,18.0,4.0,10.0,0.0,10.0,11.0,0.0,11.0,8.0,0.0,8.0,-28.0,24.0,7.0,11.0,-52.0,180.0,-30.0,92.0,17.0,-2.0,95.0,13.0,-8.0,-65.0,29.0,28.0,0.0,28.0,11.0,17.0,11.0,30.0,1.0,30.0,2.0,1.0,2.0,8.0,0.0,8.0,5
-7.0,59.0,6.0,11.0,1.0,133.0,-8.0,92.0,11.0,-10.0,90.0,-28.0,-7.0,-65.0,26.0,9.0,0.0,9.0,11.0,31.0,11.0,8.0,0.0,8.0,10.0,1.0,10.0,7.0,1.0,7.0,-27.0,24.0,10.0,17.0,-35.0,168.0,-28.0,91.0,18.0,1.0,94.0,14.0,-7.0,-65.0,26.0,29.0,0.0,29.0,17.0,29.0,17.0,28.0,1.0,28.0,1.0,0.0,1.0,7.0,1.0,7.0,5
-8.0,59.0,15.0,16.0,32.0,110.0,-6.0,92.0,10.0,-10.0,91.0,-26.0,-7.0,-66.0,31.0,8.0,0.0,8.0,16.0,28.0,16.0,6.0,0.0,6.0,10.0,1.0,10.0,7.0,0.0,7.0,-28.0,24.0,17.0,22.0,-6.0,142.0,-27.0,92.0,18.0,1.0,94.0,15.0,-7.0,-66.0,31.0,28.0,0.0,28.0,22.0,26.0,22.0,27.0,0.0,27.0,1.0,0.0,1.0,7.0,0.0,7.0,5
-8.0,59.0,19.0,16.0,60.0,39.0,-5.0,92.0,9.0,-9.0,92.0,-21.0,-6.0,-66.0,37.0,12.0,1.0,12.0,8.0,2.0,8.0,5.0,1.0,5.0,9.0,1.0,9.0,6.0,0.0,6.0,-26.0,24.0,20.0,25.0,20.0,66.0,-25.0,92.0,20.0,3.0,94.0,19.0,-6.0,-66.0,37.0,28.0,0.0,28.0,21.0,3.0,21.0,25.0,1.0,25.0,3.0,1.0,3.0,6.0,0.0,6.0,5
-10.0,60.0,11.0,12.0,62.0,12.0,-3.0,93.0,7.0,-8.0,93.0,-16.0,-4.0,-66.0,38.0,12.0,1.0,12.0,2.0,1.0,2.0,3.0,0.0,3.0,8.0,0.0,8.0,4.0,0.0,4.0,-27.0,24.0,17.0,23.0,23.0,38.0,-23.0,93.0,21.0,5.0,95.0,22.0,-4.0,-66.0,38.0,27.0,0.0,27.0,13.0,1.0,13.0,23.0,0.0,23.0,5.0,0.0,5.0,4.0,0.0,4.0,5
-11.0,61.0,6.0,5.0,63.0,-2.0,-2.0,93.0,6.0,-8.0,93.0,-11.0,-3.0,-66.0,41.0,-11.0,61.0,-11.0,5.0,63.0,5.0,-2.0,93.0,-2.0,-8.0,93.0,-8.0,-3.0,-66.0,-3.0,-27.0,24.0,17.0,18.0,24.0,24.0,-21.0,93.0,24.0,7.0,95.0,24.0,-3.0,-66.0,41.0,-27.0,24.0,-27.0,18.0,24.0,18.0,-21.0,93.0,-21.0,7.0,95.0,7.0,-3.0,-66.0,-3.0,5
