left_arm_local_X,left_arm_local_Y,left_arm_local_Z,right_arm_local_X,right_arm_local_Y,right_arm_local_Z,left_leg_local_X,left_leg_local_Y,left_leg_local_Z,right_leg_local_X,right_leg_local_Y,right_leg_local_Z,waist_head_local_X,waist_head_local_Y,waist_head_local_Z,left_arm_local_distX,left_arm_local__distY,left_arm_local__distZ,right_arm_local__distX,right_arm_local__distY,right_arm_local__distZ,left_leg_local__distX,left_leg_local__distY,left_leg_local__distZ,right_leg_local__distX,right_leg_local__distY,right_leg_local__distZ,waist_head_local__distX,waist_head_local__distY,waist_head_local__distZ,left_arm_global_X,left_arm_global_Y,left_arm_global_Z,right_arm_global_X,right_arm_global_Y,right_arm_global_Z,left_leg_global_X,left_leg_global_Y,left_leg_global_Z,right_leg_global_X,right_leg_global_Y,right_leg_global_Z,waist_head_global_X,waist_head_global_Y,waist_head_global_Z,left_arm_global_distX,left_arm_global__distY,left_arm_global__distZ,right_arm_global__distX,right_arm_global__distY,right_arm_global__distZ,left_leg_global__distX,left_leg_global__distY,left_leg_global__distZ,right_leg_global__distX,right_leg_global__distY,right_global__leg_distZ,waist_head_global__distX,waist_head_global__distY,waist_head_global__distZ,label
-13.0,71.0,21.0,15.0,70.0,-2.0,9.0,109.0,7.0,-12.0,107.0,3.0,-4.0,-75.0,56.0,13.0,0.0,13.0,9.0,0.0,9.0,9.0,1.0,9.0,12.0,0.0,12.0,4.0,1.0,4.0,-36.0,33.0,49.0,33.0,31.0,24.0,-17.0,110.0,38.0,11.0,109.0,32.0,-4.0,-75.0,56.0,36.0,0.0,36.0,31.0,1.0,31.0,17.0,1.0,17.0,11.0,0.0,11.0,4.0,1.0,4.0,5
-12.0,71.0,30.0,12.0,70.0,2.0,10.0,108.0,3.0,-10.0,107.0,6.0,-3.0,-74.0,57.0,12.0,0.0,12.0,12.0,1.0,12.0,10.0,1.0,10.0,12.0,0.0,12.0,3.0,0.0,3.0,-34.0,33.0,58.0,32.0,32.0,26.0,-15.0,109.0,37.0,14.0,109.0,31.0,-3.0,-74.0,57.0,34.0,0.0,34.0,32.0,0.0,32.0,15.0,1.0,15.0,12.0,0.0,12.0,3.0,0.0,3.0,5
-11.0,71.0,35.0,12.0,71.0,10.0,10.0,109.0,3.0,-11.0,107.0,4.0,-3.0,-74.0,57.0,11.0,0.0,11.0,12.0,2.0,12.0,10.0,0.0,10.0,11.0,0.0,11.0,3.0,0.0,3.0,-33.0,33.0,62.0,32.0,32.0,33.0,-15.0,110.0,36.0,13.0,109.0,30.0,-3.0,-74.0,57.0,33.0,0.0,33.0,32.0,1.0,32.0,15.0,0.0,15.0,13.0,0.0,13.0,3.0,0.0,3.0,5
-9.0,71.0,30.0,13.0,69.0,14.0,11.0,109.0,0.0,-11.0,107.0,7.0,-3.0,-74.0,58.0,9.0,0.0,9.0,11.0,1.0,11.0,11.0,1.0,11.0,11.0,1.0,11.0,3.0,0.0,3.0,-31.0,33.0,60.0,32.0,31.0,37.0,-14.0,110.0,37.0,13.0,109.0,31.0,-3.0,-74.0,58.0,31.0,0.0,31.0,30.0,0.0,30.0,14.0,0.0,14.0,13.0,0.0,13.0,3.0,0.0,3.0,5
-9.0,71.0,28.0,12.0,70.0,21.0,11.0,108.0,2.0,-11.0,108.0,10.0,-2.0,-74.0,58.0,9.0,1.0,9.0,8.0,1.0,8.0,11.0,0.0,11.0,11.0,0.0,11.0,4.0,0.0,4.0,-31.0,33.0,58.0,31.0,31.0,43.0,-14.0,110.0,38.0,14.0,109.0,34.0,-2.0,-74.0,58.0,31.0,1.0,31.0,27.0,1.0,27.0,14.0,0.0,14.0,12.0,0.0,12.0,4.0,0.0,4.0,5
-8.0,72.0,24.0,10.0,69.0,22.0,11.0,108.0,2.0,-11.0,108.0,6.0,-3.0,-74.0,58.0,10.0,1.0,10.0,10.0,0.0,10.0,7.0,1.0,7.0,13.0,0.0,13.0,3.0,1.0,3.0,-30.0,34.0,53.0,29.0,30.0,44.0,-14.0,110.0,38.0,13.0,109.0,31.0,-3.0,-74.0,58.0,34.0,1.0,34.0,29.0,0.0,29.0,18.0,1.0,18.0,11.0,0.0,11.0,3.0,1.0,3.0,5
-9.0,71.0,23.0,12.0,69.0,24.0,9.0,107.0,1.0,-12.0,108.0,4.0,-3.0,-75.0,57.0,9.0,2.0,9.0,12.0,1.0,12.0,9.0,1.0,9.0,12.0,0.0,12.0,3.0,1.0,3.0,-32.0,33.0,52.0,30.0,30.0,48.0,-16.0,109.0,34.0,12.0,109.0,31.0,-3.0,-75.0,57.0,32.0,2.0,32.0,30.0,0.0,30.0,16.0,1.0,16.0,12.0,0.0,12.0,3.0,1.0,3.0,5
-7.0,69.0,7.0,12.0,68.0,22.0,10.0,108.0,3.0,-11.0,108.0,4.0,-2.0,-74.0,57.0,15.0,2.0,15.0,10.0,0.0,10.0,10.0,1.0,10.0,11.0,0.0,11.0,2.0,0.0,2.0,-29.0,31.0,36.0,31.0,30.0,45.0,-15.0,110.0,37.0,13.0,109.0,30.0,-2.0,-74.0,57.0,37.0,2.0,37.0,29.0,0.0,29.0,15.0,0.0,15.0,13.0,0.0,13.0,2.0,0.0,2.0,5
-11.0,71.0,21.0,11.0,68.0,23.0,11.0,109.0,2.0,-11.0,108.0,4.0,-2.0,-74.0,57.0,13.0,0.0,13.0,11.0,1.0,11.0,11.0,1.0,11.0,11.0,0.0,11.0,2.0,0.0,2.0,-33.0,33.0,50.0,30.0,30.0,45.0,-14.0,110.0,36.0,13.0,109.0,30.0,-2.0,-74.0,57.0,33.0,0.0,33.0,30.0,1.0,30.0,14.0,1.0,14.0,13.0,0.0,13.0,2.0,0.0,2.0,5
-12.0,71.0,20.0,11.0,67.0,26.0,11.0,108.0,-1.0,-9.0,108.0,9.0,-1.0,-74.0,57.0,12.0,0.0,12.0,9.0,1.0,9.0,11.0,1.0,11.0,11.0,0.0,11.0,1.0,0.0,1.0,-33.0,33.0,50.0,31.0,29.0,48.0,-13.0,109.0,36.0,16.0,109.0,33.0,-1.0,-74.0,57.0,33.0,0.0,33.0,29.0,1.0,29.0,13.0,1.0,13.0,12.0,0.0,12.0,1.0,0.0,1.0,5
-12.0,71.0,20.0,10.0,66.0,31.0,12.0,109.0,0.0,-10.0,108.0,5.0,-1.0,-74.0,55.0,12.0,0.0,12.0,10.0,3.0,10.0,12.0,1.0,12.0,10.0,0.0,10.0,1.0,0.0,1.0,-33.0,33.0,49.0,30.0,28.0,52.0,-13.0,110.0,35.0,14.0,109.0,29.0,-1.0,-74.0,55.0,33.0,0.0,33.0,30.0,3.0,30.0,13.0,0.0,13.0,14.0,0.0,14.0,1.0,0.0,1.0,5
-11.0,71.0,21.0,11.0,63.0,40.0,13.0,108.0,1.0,-9.0,108.0,8.0,0.0,-74.0,57.0,11.0,1.0,11.0,3.0,6.0,3.0,13.0,1.0,13.0,9.0,0.0,9.0,0.0,0.0,0.0,-31.0,33.0,52.0,32.0,25.0,61.0,-11.0,110.0,38.0,16.0,109.0,30.0,0.0,-74.0,57.0,31.0,1.0,31.0,24.0,6.0,24.0,11.0,1.0,11.0,16.0,0.0,16.0,0.0,0.0,0.0,5
-10.0,70.0,22.0,7.0,57.0,54.0,13.0,107.0,-5.0,-8.0,108.0,10.0,0.0,-74.0,57.0,10.0,3.0,10.0,3.0,12.0,3.0,11.0,0.0,11.0,10.0,0.0,10.0,2.0,0.0,2.0,-31.0,32.0,54.0,28.0,19.0,73.0,-11.0,109.0,34.0,17.0,109.0,29.0,0.0,-74.0,57.0,31.0,3.0,31.0,14.0,13.0,14.0,15.0,0.0,15.0,15.0,0.0,15.0,2.0,0.0,2.0,5
-7.0,67.0,19.0,2.0,45.0,66.0,12.0,107.0,-4.0,-9.0,108.0,8.0,-1.0,-74.0,55.0,9.0,0.0,9.0,4.0,9.0,4.0,8.0,2.0,8.0,13.0,1.0,13.0,5.0,1.0,5.0,-30.0,29.0,49.0,21.0,6.0,84.0,-13.0,109.0,32.0,16.0,109.0,31.0,-1.0,-74.0,55.0,34.0,1.0,34.0,13.0,8.0,13.0,17.0,2.0,17.0,10.0,0.0,10.0,5.0,1.0,5.0,5
-8.0,67.0,33.0,-1.0,36.0,63.0,10.0,109.0,3.0,-11.0,107.0,2.0,-3.0,-73.0,56.0,8.0,1.0,8.0,1.0,10.0,1.0,10.0,2.0,10.0,11.0,1.0,11.0,5.0,1.0,5.0,-32.0,30.0,61.0,17.0,-2.0,82.0,-15.0,111.0,37.0,13.0,109.0,28.0,-3.0,-73.0,56.0,32.0,1.0,32.0,15.0,11.0,15.0,15.0,2.0,15.0,11.0,1.0,11.0,5.0,1.0,5.0,5
-8.0,66.0,38.0,-1.0,26.0,77.0,11.0,107.0,1.0,-11.0,108.0,1.0,-4.0,-74.0,54.0,10.0,0.0,10.0,5.0,14.0,5.0,11.0,1.0,11.0,11.0,1.0,11.0,4.0,0.0,4.0,-32.0,29.0,65.0,16.0,-13.0,100.0,-15.0,109.0,33.0,12.0,108.0,29.0,-4.0,-74.0,54.0,32.0,1.0,32.0,16.0,14.0,16.0,15.0,0.0,15.0,12.0,0.0,12.0,4.0,0.0,4.0,5
-9.0,66.0,25.0,-3.0,12.0,93.0,11.0,106.0,-1.0,-10.0,109.0,3.0,-4.0,-74.0,56.0,13.0,0.0,13.0,13.0,10.0,13.0,5.0,2.0,5.0,14.0,1.0,14.0,10.0,0.0,10.0,-31.0,28.0,50.0,16.0,-27.0,117.0,-14.0,109.0,32.0,14.0,108.0,30.0,-4.0,-74.0,56.0,35.0,0.0,35.0,6.0,11.0,6.0,22.0,1.0,22.0,6.0,0.0,6.0,10.0,0.0,10.0,5
-11.0,66.0,25.0,-8.0,2.0,112.0,8.0,108.0,11.0,-12.0,108.0,-2.0,-7.0,-74.0,57.0,11.0,2.0,11.0,14.0,12.0,14.0,8.0,1.0,8.0,12.0,1.0,12.0,7.0,1.0,7.0,-33.0,28.0,51.0,11.0,-38.0,137.0,-18.0,110.0,39.0,10.0,108.0,31.0,-7.0,-74.0,57.0,33.0,2.0,33.0,1.0,10.0,1.0,18.0,1.0,18.0,10.0,1.0,10.0,7.0,1.0,7.0,5
-6.0,68.0,13.0,-11.0,-10.0,148.0,8.0,107.0,5.0,-12.0,109.0,2.0,-7.0,-73.0,58.0,10.0,1.0,10.0,19.0,3.0,19.0,2.0,1.0,2.0,18.0,1.0,18.0,9.0,0.0,9.0,-30.0,30.0,33.0,6.0,-48.0,172.0,-18.0,109.0,32.0,11.0,109.0,34.0,-7.0,-73.0,58.0,36.0,1.0,36.0,6.0,3.0,6.0,26.0,0.0,26.0,1.0,0.0,1.0,9.0,0.0,9.0,5
-8.0,67.0,13.0,-15.0,-13.0,150.0,5.0,108.0,13.0,-15.0,108.0,-6.0,-8.0,-73.0,57.0,10.0,1.0,10.0,17.0,3.0,17.0,1.0,0.0,1.0,15.0,1.0,15.0,8.0,0.0,8.0,-33.0,29.0,28.0,0.0,-51.0,181.0,-22.0,109.0,30.0,5.0,109.0,35.0,-8.0,-73.0,57.0,33.0,0.0,33.0,4.0,2.0,4.0,26.0,1.0,26.0,5.0,0.0,5.0,8.0,0.0,8.0,5
-9.0,66.0,10.0,-16.0,-16.0,149.0,3.0,108.0,20.0,-14.0,107.0,-11.0,-8.0,-73.0,55.0,9.0,1.0,9.0,18.0,1.0,18.0,1.0,0.0,1.0,16.0,1.0,16.0,10.0,0.0,10.0,-33.0,29.0,21.0,-2.0,-53.0,183.0,-24.0,110.0,34.0,5.0,109.0,33.0,-8.0,-73.0,55.0,33.0,0.0,33.0,6.0,0.0,6.0,28.0,1.0,28.0,1.0,1.0,1.0,10.0,0.0,10.0,5
-7.0,67.0,7.0,-17.0,-15.0,149.0,1.0,108.0,25.0,-15.0,106.0,-18.0,-9.0,-73.0,57.0,9.0,1.0,9.0,17.0,1.0,17.0,1.0,0.0,1.0,15.0,0.0,15.0,9.0,1.0,9.0,-31.0,29.0,15.0,-4.0,-53.0,184.0,-26.0,109.0,35.0,2.0,108.0,28.0,-9.0,-73.0,57.0,33.0,0.0,33.0,4.0,1.0,4.0,26.0,0.0,26.0,2.0,0.0,2.0,9.0,1.0,9.0,5
-8.0,68.0,5.0,-16.0,-14.0,149.0,1.0,108.0,21.0,-15.0,106.0,-17.0,-9.0,-74.0,57.0,8.0,0.0,8.0,16.0,0.0,16.0,1.0,1.0,1.0,15.0,1.0,15.0,11.0,0.0,11.0,-32.0,29.0,13.0,-3.0,-52.0,184.0,-26.0,109.0,31.0,2.0,108.0,29.0,-9.0,-74.0,57.0,32.0,0.0,32.0,3.0,0.0,3.0,26.0,1.0,26.0,2.0,1.0,2.0,11.0,0.0,11.0,5
-7.0,68.0,7.0,-16.0,-14.0,148.0,3.0,107.0,18.0,-15.0,105.0,-17.0,-10.0,-74.0,54.0,7.0,0.0,7.0,16.0,3.0,16.0,1.0,1.0,1.0,15.0,1.0,15.0,10.0,1.0,10.0,-32.0,29.0,16.0,-3.0,-52.0,183.0,-25.0,108.0,30.0,2.0,107.0,29.0,-10.0,-74.0,54.0,32.0,1.0,32.0,3.0,3.0,3.0,25.0,1.0,25.0,2.0,0.0,2.0,10.0,1.0,10.0,5
-7.0,68.0,8.0,-16.0,-11.0,145.0,2.0,108.0,20.0,-15.0,106.0,-17.0,-9.0,-75.0,56.0,13.0,1.0,13.0,16.0,7.0,16.0,2.0,1.0,2.0,17.0,0.0,17.0,9.0,1.0,9.0,-32.0,30.0,20.0,-3.0,-49.0,182.0,-25.0,109.0,32.0,2.0,107.0,29.0,-9.0,-75.0,56.0,38.0,2.0,38.0,3.0,7.0,3.0,25.0,0.0,25.0,2.0,1.0,2.0,9.0,1.0,9.0,5
-10.0,69.0,15.0,-13.0,-4.0,139.0,4.0,107.0,15.0,-16.0,106.0,-13.0,-8.0,-74.0,55.0,10.0,2.0,10.0,13.0,75.0,13.0,4.0,1.0,4.0,16.0,1.0,16.0,8.0,0.0,8.0,-35.0,32.0,30.0,1.0,-42.0,172.0,-23.0,109.0,31.0,4.0,108.0,29.0,-8.0,-74.0,55.0,35.0,1.0,35.0,1.0,74.0,1.0,23.0,0.0,23.0,4.0,1.0,4.0,8.0,0.0,8.0,5
-10.0,71.0,21.0,10.0,71.0,7.0,7.0,108.0,7.0,-14.0,107.0,-5.0,-7.0,-74.0,59.0,12.0,0.0,12.0,10.0,0.0,10.0,7.0,0.0,7.0,14.0,0.0,14.0,7.0,0.0,7.0,-34.0,33.0,44.0,27.0,32.0,39.0,-20.0,109.0,32.0,8.0,109.0,31.0,-7.0,-74.0,59.0,36.0,0.0,36.0,27.0,0.0,27.0,20.0,0.0,20.0,8.0,0.0,8.0,7.0,0.0,7.0,5
-11.0,71.0,21.0,11.0,71.0,11.0,7.0,108.0,8.0,-14.0,107.0,-1.0,-7.0,-74.0,59.0,11.0,0.0,11.0,9.0,1.0,9.0,7.0,1.0,7.0,14.0,0.0,14.0,7.0,0.0,7.0,-35.0,33.0,45.0,28.0,32.0,43.0,-20.0,109.0,32.0,8.0,109.0,34.0,-7.0,-74.0,59.0,35.0,0.0,35.0,28.0,1.0,28.0,20.0,1.0,20.0,8.0,1.0,8.0,7.0,0.0,7.0,5
-10.0,71.0,24.0,10.0,70.0,17.0,8.0,109.0,10.0,-13.0,107.0,-2.0,-6.0,-74.0,59.0,12.0,0.0,12.0,10.0,1.0,10.0,8.0,0.0,8.0,13.0,0.0,13.0,6.0,0.0,6.0,-33.0,33.0,48.0,28.0,31.0,48.0,-18.0,110.0,37.0,10.0,108.0,30.0,-6.0,-74.0,59.0,35.0,1.0,35.0,28.0,1.0,28.0,18.0,0.0,18.0,10.0,0.0,10.0,6.0,0.0,6.0,5
-11.0,71.0,26.0,10.0,69.0,24.0,8.0,109.0,9.0,-13.0,107.0,-2.0,-5.0,-74.0,60.0,11.0,0.0,11.0,6.0,0.0,6.0,6.0,1.0,6.0,13.0,1.0,13.0,7.0,0.0,7.0,-34.0,34.0,51.0,28.0,30.0,56.0,-18.0,110.0,38.0,10.0,108.0,30.0,-5.0,-74.0,60.0,34.0,0.0,34.0,22.0,0.0,22.0,20.0,1.0,20.0,8.0,1.0,8.0,7.0,0.0,7.0,5
-9.0,71.0,26.0,8.0,69.0,32.0,7.0,108.0,5.0,-13.0,108.0,1.0,-6.0,-74.0,59.0,-9.0,71.0,-9.0,8.0,69.0,8.0,7.0,108.0,7.0,-13.0,108.0,-13.0,-6.0,-74.0,-6.0,-33.0,34.0,50.0,25.0,30.0,62.0,-19.0,109.0,31.0,9.0,109.0,34.0,-6.0,-74.0,59.0,-33.0,34.0,-33.0,25.0,30.0,25.0,-19.0,109.0,-19.0,9.0,109.0,9.0,-6.0,-74.0,-6.0,5
