left_arm_local_X,left_arm_local_Y,left_arm_local_Z,right_arm_local_X,right_arm_local_Y,right_arm_local_Z,left_leg_local_X,left_leg_local_Y,left_leg_local_Z,right_leg_local_X,right_leg_local_Y,right_leg_local_Z,waist_head_local_X,waist_head_local_Y,waist_head_local_Z,left_arm_local_distX,left_arm_local__distY,left_arm_local__distZ,right_arm_local__distX,right_arm_local__distY,right_arm_local__distZ,left_leg_local__distX,left_leg_local__distY,left_leg_local__distZ,right_leg_local__distX,right_leg_local__distY,right_leg_local__distZ,waist_head_local__distX,waist_head_local__distY,waist_head_local__distZ,left_arm_global_X,left_arm_global_Y,left_arm_global_Z,right_arm_global_X,right_arm_global_Y,right_arm_global_Z,left_leg_global_X,left_leg_global_Y,left_leg_global_Z,right_leg_global_X,right_leg_global_Y,right_leg_global_Z,waist_head_global_X,waist_head_global_Y,waist_head_global_Z,left_arm_global_distX,left_arm_global__distY,left_arm_global__distZ,right_arm_global__distX,right_arm_global__distY,right_arm_global__distZ,left_leg_global__distX,left_leg_global__distY,left_leg_global__distZ,right_leg_global__distX,right_leg_global__distY,right_global__leg_distZ,waist_head_global__distX,waist_head_global__distY,waist_head_global__distZ,label
1.0,66.0,50.0,-1.0,70.0,9.0,3.0,131.0,42.0,-10.0,131.0,18.0,-3.0,-76.0,43.0,9.0,3.0,9.0,7.0,1.0,7.0,3.0,0.0,3.0,10.0,0.0,10.0,3.0,0.0,3.0,-25.0,26.0,50.0,19.0,31.0,39.0,-22.0,130.0,65.0,7.0,130.0,67.0,-3.0,-76.0,43.0,35.0,3.0,35.0,15.0,2.0,15.0,22.0,0.0,22.0,7.0,0.0,7.0,3.0,0.0,3.0,6
-4.0,69.0,49.0,-4.0,71.0,7.0,5.0,131.0,39.0,-8.0,131.0,21.0,0.0,-76.0,41.0,4.0,0.0,4.0,4.0,1.0,4.0,5.0,1.0,5.0,8.0,0.0,8.0,0.0,0.0,0.0,-30.0,29.0,56.0,17.0,33.0,34.0,-20.0,130.0,65.0,10.0,130.0,67.0,0.0,-76.0,41.0,30.0,0.0,30.0,17.0,0.0,17.0,20.0,1.0,20.0,10.0,0.0,10.0,0.0,0.0,0.0,6
-1.0,69.0,43.0,-3.0,72.0,10.0,6.0,132.0,39.0,-8.0,131.0,26.0,0.0,-76.0,42.0,1.0,2.0,1.0,5.0,2.0,5.0,6.0,0.0,6.0,8.0,1.0,8.0,4.0,0.0,4.0,-26.0,29.0,49.0,19.0,33.0,35.0,-19.0,131.0,66.0,11.0,130.0,70.0,0.0,-76.0,42.0,28.0,2.0,28.0,15.0,2.0,15.0,19.0,1.0,19.0,11.0,1.0,11.0,4.0,0.0,4.0,6
-1.0,67.0,52.0,-4.0,70.0,10.0,8.0,132.0,36.0,-8.0,130.0,26.0,-2.0,-76.0,41.0,3.0,1.0,3.0,4.0,1.0,4.0,8.0,0.0,8.0,8.0,0.0,8.0,2.0,1.0,2.0,-27.0,27.0,54.0,17.0,31.0,36.0,-17.0,130.0,64.0,11.0,129.0,70.0,-2.0,-76.0,41.0,27.0,1.0,27.0,17.0,2.0,17.0,17.0,1.0,17.0,11.0,1.0,11.0,2.0,1.0,2.0,6
-2.0,68.0,55.0,-2.0,71.0,8.0,9.0,132.0,39.0,-7.0,130.0,26.0,1.0,-75.0,39.0,2.0,1.0,2.0,8.0,3.0,8.0,7.0,1.0,7.0,7.0,0.0,7.0,1.0,0.0,1.0,-27.0,28.0,61.0,19.0,33.0,34.0,-16.0,131.0,67.0,12.0,130.0,70.0,1.0,-75.0,39.0,27.0,0.0,27.0,13.0,3.0,13.0,18.0,1.0,18.0,12.0,1.0,12.0,1.0,0.0,1.0,6
1.0,67.0,52.0,-5.0,68.0,12.0,8.0,131.0,44.0,-6.0,130.0,26.0,0.0,-75.0,41.0,1.0,0.0,1.0,5.0,3.0,5.0,8.0,1.0,8.0,6.0,0.0,6.0,2.0,0.0,2.0,-25.0,28.0,57.0,16.0,30.0,39.0,-17.0,130.0,70.0,12.0,129.0,72.0,0.0,-75.0,41.0,25.0,0.0,25.0,16.0,3.0,16.0,17.0,1.0,17.0,12.0,1.0,12.0,2.0,0.0,2.0,6
1.0,67.0,50.0,2.0,71.0,30.0,9.0,132.0,41.0,-6.0,130.0,27.0,-1.0,-75.0,40.0,1.0,1.0,1.0,2.0,13.0,2.0,9.0,1.0,9.0,6.0,1.0,6.0,1.0,0.0,1.0,-25.0,28.0,55.0,23.0,33.0,56.0,-16.0,131.0,68.0,12.0,130.0,72.0,-1.0,-75.0,40.0,25.0,2.0,25.0,23.0,13.0,23.0,16.0,1.0,16.0,12.0,1.0,12.0,1.0,0.0,1.0,6
3.0,66.0,50.0,5.0,58.0,76.0,9.0,131.0,40.0,-5.0,131.0,34.0,1.0,-75.0,41.0,1.0,2.0,1.0,5.0,23.0,5.0,9.0,1.0,9.0,5.0,0.0,5.0,1.0,0.0,1.0,-23.0,26.0,57.0,26.0,20.0,101.0,-15.0,130.0,70.0,15.0,129.0,77.0,1.0,-75.0,41.0,23.0,1.0,23.0,26.0,21.0,26.0,15.0,1.0,15.0,15.0,0.0,15.0,1.0,0.0,1.0,6
2.0,68.0,43.0,10.0,35.0,97.0,12.0,132.0,37.0,-2.0,131.0,31.0,3.0,-75.0,45.0,2.0,0.0,2.0,10.0,18.0,10.0,12.0,1.0,12.0,2.0,1.0,2.0,3.0,1.0,3.0,-23.0,27.0,56.0,32.0,-1.0,119.0,-12.0,131.0,71.0,19.0,129.0,69.0,3.0,-75.0,45.0,23.0,1.0,23.0,32.0,18.0,32.0,12.0,4.0,12.0,19.0,0.0,19.0,3.0,1.0,3.0,6
3.0,68.0,25.0,12.0,17.0,113.0,23.0,131.0,20.0,4.0,130.0,50.0,4.0,-76.0,36.0,9.0,1.0,9.0,10.0,27.0,10.0,23.0,2.0,23.0,4.0,2.0,4.0,4.0,2.0,4.0,-19.0,26.0,54.0,38.0,-19.0,116.0,3.0,127.0,67.0,28.0,129.0,73.0,4.0,-76.0,36.0,19.0,2.0,19.0,38.0,25.0,38.0,3.0,1.0,3.0,28.0,0.0,28.0,4.0,2.0,4.0,6
-3.0,69.0,24.0,11.0,-10.0,118.0,27.0,129.0,4.0,9.0,128.0,59.0,9.0,-74.0,35.0,5.0,0.0,5.0,5.0,13.0,5.0,23.0,1.0,23.0,7.0,0.0,7.0,9.0,0.0,9.0,-16.0,28.0,60.0,41.0,-44.0,99.0,14.0,126.0,62.0,36.0,129.0,63.0,9.0,-74.0,35.0,18.0,0.0,18.0,35.0,14.0,35.0,10.0,0.0,10.0,32.0,0.0,32.0,9.0,0.0,9.0,6
-4.0,69.0,16.0,8.0,-23.0,105.0,25.0,130.0,-2.0,8.0,128.0,62.0,10.0,-74.0,36.0,6.0,0.0,6.0,0.0,8.0,0.0,1.0,4.0,1.0,2.0,1.0,2.0,10.0,1.0,10.0,-17.0,28.0,54.0,38.0,-58.0,84.0,12.0,126.0,57.0,34.0,129.0,65.0,10.0,-74.0,36.0,17.0,1.0,17.0,30.0,7.0,30.0,14.0,5.0,14.0,28.0,1.0,28.0,10.0,1.0,10.0,6
-5.0,69.0,25.0,4.0,-31.0,82.0,12.0,134.0,7.0,5.0,129.0,63.0,10.0,-73.0,37.0,9.0,1.0,9.0,6.0,3.0,6.0,10.0,1.0,10.0,5.0,2.0,5.0,10.0,1.0,10.0,-17.0,27.0,60.0,34.0,-65.0,59.0,-1.0,131.0,66.0,31.0,130.0,65.0,10.0,-73.0,37.0,19.0,1.0,19.0,26.0,3.0,26.0,1.0,2.0,1.0,31.0,0.0,31.0,10.0,1.0,10.0,6
-7.0,70.0,25.0,-1.0,-34.0,54.0,11.0,133.0,1.0,5.0,127.0,62.0,10.0,-74.0,39.0,7.0,2.0,7.0,3.0,0.0,3.0,9.0,0.0,9.0,5.0,1.0,5.0,8.0,3.0,8.0,-18.0,28.0,59.0,30.0,-68.0,29.0,-1.0,129.0,60.0,31.0,130.0,63.0,10.0,-74.0,39.0,28.0,2.0,28.0,16.0,0.0,16.0,21.0,1.0,21.0,15.0,0.0,15.0,8.0,3.0,8.0,6
0.0,72.0,37.0,-2.0,-34.0,13.0,10.0,133.0,17.0,0.0,126.0,31.0,9.0,-77.0,32.0,2.0,1.0,2.0,8.0,1.0,8.0,8.0,0.0,8.0,6.0,1.0,6.0,1.0,3.0,1.0,-23.0,30.0,69.0,23.0,-68.0,27.0,-11.0,128.0,62.0,23.0,130.0,59.0,9.0,-77.0,32.0,25.0,1.0,25.0,17.0,1.0,17.0,13.0,0.0,13.0,17.0,0.0,17.0,1.0,3.0,1.0,6
-1.0,71.0,31.0,-5.0,-33.0,5.0,9.0,133.0,20.0,-3.0,125.0,24.0,4.0,-74.0,25.0,1.0,1.0,1.0,11.0,10.0,11.0,5.0,2.0,5.0,3.0,3.0,3.0,2.0,1.0,2.0,-24.0,29.0,61.0,20.0,-67.0,24.0,-12.0,128.0,61.0,20.0,130.0,56.0,4.0,-74.0,25.0,24.0,1.0,24.0,8.0,13.0,8.0,20.0,2.0,20.0,16.0,1.0,16.0,2.0,1.0,2.0,6
2.0,70.0,40.0,-8.0,-43.0,-1.0,7.0,131.0,18.0,-3.0,128.0,22.0,1.0,-73.0,22.0,4.0,3.0,4.0,8.0,9.0,8.0,7.0,1.0,7.0,9.0,1.0,9.0,1.0,2.0,1.0,-24.0,28.0,66.0,14.0,-80.0,29.0,-16.0,126.0,53.0,18.0,131.0,60.0,1.0,-73.0,22.0,34.0,3.0,34.0,12.0,12.0,12.0,20.0,0.0,20.0,8.0,0.0,8.0,1.0,2.0,1.0,6
-1.0,73.0,46.0,-7.0,-52.0,9.0,7.0,130.0,21.0,-6.0,129.0,16.0,15.0,-75.0,43.0,3.0,1.0,3.0,7.0,14.0,7.0,7.0,1.0,7.0,10.0,2.0,10.0,11.0,1.0,11.0,-29.0,31.0,66.0,13.0,-92.0,45.0,-18.0,126.0,51.0,13.0,131.0,60.0,15.0,-75.0,43.0,33.0,1.0,33.0,11.0,15.0,11.0,18.0,3.0,18.0,3.0,1.0,3.0,11.0,1.0,11.0,6
-2.0,72.0,48.0,-5.0,-66.0,35.0,8.0,131.0,34.0,-8.0,131.0,12.0,2.0,-74.0,40.0,2.0,2.0,2.0,5.0,12.0,5.0,14.0,0.0,14.0,22.0,2.0,22.0,16.0,3.0,16.0,-31.0,32.0,65.0,12.0,-107.0,77.0,-18.0,129.0,55.0,8.0,132.0,62.0,2.0,-74.0,40.0,31.0,5.0,31.0,8.0,11.0,8.0,40.0,1.0,40.0,14.0,4.0,14.0,16.0,3.0,16.0,6
0.0,70.0,50.0,-3.0,-78.0,94.0,-3.0,131.0,52.0,-15.0,129.0,12.0,-7.0,-77.0,47.0,0.0,3.0,0.0,3.0,2147480004.0,3.0,11.0,3.0,11.0,15.0,4.0,15.0,7.0,0.0,7.0,-27.0,27.0,51.0,10.0,-118.0,146.0,-29.0,130.0,62.0,-3.0,128.0,69.0,-7.0,-77.0,47.0,27.0,2.0,27.0,10.0,2147480001.0,10.0,37.0,2.0,37.0,7.0,3.0,7.0,7.0,0.0,7.0,6
3.0,67.0,50.0,5.0,2147479926.0,134.0,-7.0,128.0,53.0,-15.0,125.0,1.0,-7.0,-77.0,48.0,3.0,0.0,3.0,3.0,2147479984.0,3.0,7.0,0.0,7.0,15.0,1.0,15.0,7.0,1.0,7.0,-26.0,29.0,43.0,15.0,2147479883.0,185.0,-33.0,128.0,56.0,-5.0,125.0,59.0,-7.0,-77.0,48.0,26.0,2.0,26.0,15.0,2147479984.0,15.0,35.0,0.0,35.0,5.0,0.0,5.0,7.0,1.0,7.0,6
6.0,67.0,40.0,4.0,-58.0,160.0,-7.0,128.0,51.0,-15.0,124.0,3.0,-7.0,-76.0,49.0,4.0,4.0,4.0,10.0,9.0,10.0,7.0,0.0,7.0,15.0,1.0,15.0,17.0,5.0,17.0,-24.0,31.0,43.0,16.0,-101.0,214.0,-34.0,128.0,60.0,-3.0,125.0,59.0,-7.0,-76.0,49.0,28.0,0.0,28.0,10.0,12.0,10.0,34.0,0.0,34.0,3.0,1.0,3.0,17.0,5.0,17.0,6
1.0,71.0,24.0,-3.0,-49.0,164.0,-5.0,128.0,48.0,-14.0,125.0,6.0,-12.0,-81.0,53.0,5.0,0.0,5.0,9.0,11.0,9.0,5.0,1.0,5.0,14.0,1.0,14.0,12.0,1.0,12.0,-26.0,31.0,36.0,13.0,-89.0,224.0,-32.0,128.0,59.0,-1.0,126.0,61.0,-12.0,-81.0,53.0,28.0,1.0,28.0,13.0,11.0,13.0,32.0,1.0,32.0,1.0,1.0,1.0,12.0,1.0,12.0,6
-2.0,71.0,8.0,-6.0,-38.0,169.0,-3.0,129.0,48.0,-13.0,126.0,14.0,-11.0,-80.0,55.0,4.0,1.0,4.0,10.0,9.0,10.0,3.0,1.0,3.0,13.0,0.0,13.0,11.0,3.0,11.0,-27.0,30.0,28.0,15.0,-78.0,227.0,-29.0,129.0,65.0,2.0,127.0,66.0,-11.0,-80.0,55.0,27.0,0.0,27.0,15.0,12.0,15.0,29.0,2.0,29.0,2.0,2.0,2.0,11.0,3.0,11.0,6
-3.0,70.0,18.0,-8.0,-29.0,167.0,2.0,130.0,38.0,-12.0,126.0,21.0,-9.0,-77.0,54.0,9.0,1.0,9.0,10.0,19.0,10.0,2.0,0.0,2.0,12.0,2.0,12.0,9.0,1.0,9.0,-26.0,30.0,42.0,18.0,-66.0,213.0,-23.0,131.0,65.0,7.0,129.0,67.0,-9.0,-77.0,54.0,30.0,1.0,30.0,18.0,19.0,18.0,23.0,1.0,23.0,7.0,1.0,7.0,9.0,1.0,9.0,6
-6.0,71.0,13.0,-9.0,-10.0,157.0,5.0,130.0,32.0,-10.0,128.0,25.0,-8.0,-78.0,52.0,12.0,0.0,12.0,9.0,13.0,9.0,5.0,1.0,5.0,10.0,1.0,10.0,8.0,2.0,8.0,-28.0,29.0,39.0,18.0,-47.0,189.0,-20.0,130.0,64.0,10.0,130.0,66.0,-8.0,-78.0,52.0,32.0,1.0,32.0,18.0,15.0,18.0,20.0,1.0,20.0,10.0,2.0,10.0,8.0,2.0,8.0,6
-9.0,71.0,21.0,-9.0,3.0,145.0,5.0,131.0,29.0,-9.0,129.0,24.0,-7.0,-76.0,47.0,9.0,0.0,9.0,13.0,21.0,13.0,5.0,1.0,5.0,9.0,0.0,9.0,7.0,1.0,7.0,-30.0,30.0,43.0,19.0,-32.0,173.0,-18.0,131.0,63.0,12.0,132.0,63.0,-7.0,-76.0,47.0,30.0,1.0,30.0,17.0,21.0,17.0,18.0,1.0,18.0,12.0,1.0,12.0,7.0,1.0,7.0,6
-7.0,71.0,18.0,-11.0,24.0,152.0,9.0,132.0,19.0,-5.0,129.0,33.0,-4.0,-77.0,44.0,7.0,0.0,7.0,11.0,23.0,11.0,15.0,1.0,15.0,25.0,1.0,25.0,14.0,1.0,14.0,-27.0,29.0,47.0,18.0,-11.0,170.0,-12.0,130.0,63.0,19.0,131.0,63.0,-4.0,-77.0,44.0,39.0,4.0,39.0,18.0,18.0,18.0,46.0,0.0,46.0,19.0,2.0,19.0,14.0,1.0,14.0,6
-4.0,71.0,43.0,3.0,47.0,80.0,-3.0,131.0,46.0,-15.0,128.0,6.0,-9.0,-76.0,35.0,4.0,3.0,4.0,1.0,10.0,1.0,3.0,1.0,3.0,15.0,1.0,15.0,9.0,0.0,9.0,-33.0,33.0,44.0,20.0,7.0,116.0,-29.0,130.0,62.0,0.0,129.0,59.0,-9.0,-76.0,35.0,33.0,5.0,33.0,20.0,10.0,20.0,29.0,0.0,29.0,0.0,0.0,0.0,9.0,0.0,9.0,6
2.0,68.0,47.0,2.0,57.0,57.0,-2.0,132.0,43.0,-14.0,129.0,8.0,-7.0,-76.0,34.0,0.0,1.0,0.0,2.0,13.0,2.0,2.0,1.0,2.0,14.0,0.0,14.0,7.0,0.0,7.0,-26.0,28.0,49.0,20.0,17.0,92.0,-28.0,130.0,62.0,2.0,129.0,60.0,-7.0,-76.0,34.0,26.0,2.0,26.0,20.0,14.0,20.0,28.0,0.0,28.0,2.0,0.0,2.0,7.0,0.0,7.0,6
1.0,69.0,48.0,2.0,70.0,41.0,0.0,131.0,43.0,-12.0,129.0,13.0,-5.0,-76.0,38.0,1.0,0.0,1.0,4.0,1.0,4.0,0.0,0.0,0.0,12.0,0.0,12.0,5.0,0.0,5.0,-26.0,30.0,49.0,21.0,31.0,73.0,-26.0,130.0,63.0,4.0,129.0,63.0,-5.0,-76.0,38.0,26.0,1.0,26.0,15.0,1.0,15.0,26.0,1.0,26.0,4.0,0.0,4.0,5.0,0.0,5.0,6
2.0,69.0,48.0,-1.0,71.0,9.0,3.0,131.0,43.0,-10.0,129.0,18.0,-3.0,-76.0,42.0,0.0,0.0,0.0,3.0,3.0,3.0,3.0,1.0,3.0,10.0,2.0,10.0,3.0,1.0,3.0,-25.0,29.0,54.0,18.0,32.0,39.0,-23.0,129.0,65.0,6.0,129.0,67.0,-3.0,-76.0,42.0,25.0,0.0,25.0,18.0,2.0,18.0,23.0,1.0,23.0,6.0,2.0,6.0,3.0,1.0,3.0,6
1.0,69.0,51.0,-2.0,68.0,9.0,5.0,132.0,44.0,-9.0,131.0,23.0,-3.0,-75.0,48.0,1.0,1.0,1.0,6.0,1.0,6.0,5.0,0.0,5.0,9.0,1.0,9.0,3.0,0.0,3.0,-25.0,29.0,59.0,18.0,30.0,40.0,-20.0,130.0,69.0,8.0,131.0,71.0,-3.0,-75.0,48.0,25.0,1.0,25.0,18.0,1.0,18.0,20.0,1.0,20.0,8.0,1.0,8.0,3.0,0.0,3.0,6
2.0,68.0,47.0,-4.0,67.0,12.0,10.0,132.0,33.0,-7.0,130.0,28.0,-1.0,-75.0,48.0,2.0,68.0,2.0,-4.0,67.0,-4.0,10.0,132.0,10.0,-7.0,130.0,-7.0,-1.0,-75.0,-1.0,-24.0,28.0,58.0,18.0,29.0,40.0,-15.0,129.0,61.0,12.0,130.0,72.0,-1.0,-75.0,48.0,-24.0,28.0,-24.0,18.0,29.0,18.0,-15.0,129.0,-15.0,12.0,130.0,12.0,-1.0,-75.0,-1.0,6
