left_arm_local_X,left_arm_local_Y,left_arm_local_Z,right_arm_local_X,right_arm_local_Y,right_arm_local_Z,left_leg_local_X,left_leg_local_Y,left_leg_local_Z,right_leg_local_X,right_leg_local_Y,right_leg_local_Z,waist_head_local_X,waist_head_local_Y,waist_head_local_Z,left_arm_local_distX,left_arm_local__distY,left_arm_local__distZ,right_arm_local__distX,right_arm_local__distY,right_arm_local__distZ,left_leg_local__distX,left_leg_local__distY,left_leg_local__distZ,right_leg_local__distX,right_leg_local__distY,right_leg_local__distZ,waist_head_local__distX,waist_head_local__distY,waist_head_local__distZ,left_arm_global_X,left_arm_global_Y,left_arm_global_Z,right_arm_global_X,right_arm_global_Y,right_arm_global_Z,left_leg_global_X,left_leg_global_Y,left_leg_global_Z,right_leg_global_X,right_leg_global_Y,right_leg_global_Z,waist_head_global_X,waist_head_global_Y,waist_head_global_Z,left_arm_global_distX,left_arm_global__distY,left_arm_global__distZ,right_arm_global__distX,right_arm_global__distY,right_arm_global__distZ,left_leg_global__distX,left_leg_global__distY,left_leg_global__distZ,right_leg_global__distX,right_leg_global__distY,right_global__leg_distZ,waist_head_global__distX,waist_head_global__distY,waist_head_global__distZ,label
-6.0,63.0,18.0,2.0,64.0,-4.0,-5.0,110.0,6.0,-7.0,112.0,13.0,2.0,-74.0,48.0,6.0,1.0,6.0,2.0,0.0,2.0,5.0,0.0,5.0,7.0,1.0,7.0,2.0,0.0,2.0,-25.0,24.0,36.0,21.0,26.0,20.0,-22.0,112.0,34.0,6.0,114.0,46.0,2.0,-74.0,48.0,25.0,1.0,25.0,21.0,1.0,21.0,22.0,0.0,22.0,6.0,1.0,6.0,2.0,0.0,2.0,6
-6.0,64.0,15.0,3.0,64.0,-1.0,-4.0,110.0,-1.0,-7.0,113.0,15.0,4.0,-74.0,47.0,8.0,0.0,8.0,3.0,1.0,3.0,4.0,0.0,4.0,7.0,1.0,7.0,4.0,1.0,4.0,-24.0,25.0,34.0,23.0,27.0,22.0,-20.0,112.0,28.0,8.0,115.0,47.0,4.0,-74.0,47.0,26.0,0.0,26.0,23.0,1.0,23.0,20.0,1.0,20.0,8.0,1.0,8.0,4.0,1.0,4.0,6
-7.0,64.0,17.0,4.0,65.0,16.0,-4.0,110.0,4.0,-6.0,112.0,15.0,4.0,-73.0,44.0,7.0,0.0,7.0,4.0,0.0,4.0,4.0,0.0,4.0,6.0,0.0,6.0,2.0,0.0,2.0,-25.0,25.0,37.0,24.0,28.0,37.0,-20.0,113.0,35.0,8.0,114.0,46.0,4.0,-73.0,44.0,25.0,0.0,25.0,24.0,0.0,24.0,20.0,1.0,20.0,8.0,0.0,8.0,2.0,0.0,2.0,6
-6.0,64.0,19.0,4.0,65.0,19.0,-4.0,110.0,2.0,-6.0,112.0,15.0,3.0,-73.0,43.0,6.0,1.0,6.0,6.0,1.0,6.0,4.0,0.0,4.0,6.0,0.0,6.0,3.0,1.0,3.0,-24.0,25.0,38.0,24.0,28.0,41.0,-20.0,112.0,32.0,8.0,114.0,47.0,3.0,-73.0,43.0,24.0,0.0,24.0,14.0,1.0,14.0,20.0,0.0,20.0,8.0,1.0,8.0,3.0,1.0,3.0,6
-6.0,65.0,22.0,-1.0,64.0,19.0,-4.0,110.0,4.0,-6.0,112.0,15.0,3.0,-74.0,41.0,6.0,1.0,6.0,3.0,1.0,3.0,4.0,0.0,4.0,6.0,0.0,6.0,3.0,0.0,3.0,-24.0,25.0,40.0,19.0,27.0,40.0,-20.0,112.0,34.0,8.0,113.0,47.0,3.0,-74.0,41.0,24.0,1.0,24.0,17.0,0.0,17.0,20.0,0.0,20.0,8.0,0.0,8.0,3.0,0.0,3.0,6
-5.0,64.0,21.0,-2.0,65.0,27.0,-3.0,110.0,1.0,-5.0,112.0,16.0,4.0,-74.0,37.0,5.0,0.0,5.0,2.0,1.0,2.0,7.0,1.0,7.0,9.0,1.0,9.0,4.0,0.0,4.0,-22.0,24.0,38.0,18.0,27.0,46.0,-19.0,112.0,32.0,9.0,113.0,46.0,4.0,-74.0,37.0,24.0,0.0,24.0,18.0,0.0,18.0,23.0,0.0,23.0,5.0,0.0,5.0,4.0,0.0,4.0,6
-5.0,64.0,15.0,-1.0,64.0,33.0,-5.0,111.0,5.0,-7.0,111.0,15.0,4.0,-74.0,37.0,5.0,1.0,5.0,1.0,5.0,1.0,9.0,1.0,9.0,9.0,0.0,9.0,4.0,0.0,4.0,-23.0,24.0,34.0,19.0,27.0,52.0,-21.0,112.0,35.0,7.0,113.0,48.0,4.0,-74.0,37.0,23.0,1.0,23.0,19.0,6.0,19.0,23.0,1.0,23.0,7.0,0.0,7.0,4.0,0.0,4.0,6
-4.0,65.0,16.0,2.0,59.0,48.0,-7.0,110.0,10.0,-8.0,111.0,21.0,4.0,-74.0,41.0,4.0,1.0,4.0,2.0,14.0,2.0,7.0,1.0,7.0,8.0,1.0,8.0,4.0,0.0,4.0,-23.0,25.0,37.0,21.0,21.0,68.0,-22.0,111.0,41.0,7.0,113.0,51.0,4.0,-74.0,41.0,23.0,1.0,23.0,21.0,14.0,21.0,22.0,1.0,22.0,7.0,0.0,7.0,4.0,0.0,4.0,6
-3.0,64.0,10.0,23.0,45.0,83.0,-7.0,111.0,9.0,-7.0,112.0,24.0,4.0,-74.0,40.0,3.0,0.0,3.0,23.0,20.0,23.0,11.0,0.0,11.0,7.0,0.0,7.0,2.0,1.0,2.0,-22.0,24.0,33.0,42.0,7.0,97.0,-21.0,112.0,44.0,9.0,113.0,51.0,4.0,-74.0,40.0,22.0,1.0,22.0,42.0,19.0,42.0,25.0,0.0,25.0,9.0,1.0,9.0,2.0,1.0,2.0,6
-3.0,64.0,17.0,32.0,25.0,85.0,-9.0,111.0,15.0,-7.0,112.0,26.0,3.0,-73.0,41.0,5.0,0.0,5.0,32.0,19.0,32.0,11.0,1.0,11.0,7.0,1.0,7.0,3.0,1.0,3.0,-22.0,25.0,42.0,50.0,-12.0,98.0,-23.0,112.0,51.0,9.0,114.0,53.0,3.0,-73.0,41.0,22.0,0.0,22.0,50.0,19.0,50.0,23.0,1.0,23.0,9.0,1.0,9.0,3.0,1.0,3.0,6
-4.0,64.0,21.0,36.0,6.0,81.0,-10.0,112.0,17.0,-6.0,111.0,28.0,4.0,-72.0,41.0,4.0,1.0,4.0,22.0,17.0,22.0,12.0,1.0,12.0,8.0,1.0,8.0,4.0,1.0,4.0,-22.0,25.0,47.0,54.0,-31.0,90.0,-23.0,113.0,54.0,10.0,113.0,52.0,4.0,-72.0,41.0,22.0,1.0,22.0,42.0,17.0,42.0,23.0,1.0,23.0,10.0,0.0,10.0,4.0,1.0,4.0,6
-3.0,65.0,19.0,29.0,-11.0,48.0,-11.0,113.0,29.0,-7.0,112.0,26.0,6.0,-73.0,38.0,3.0,1.0,3.0,23.0,5.0,23.0,11.0,2.0,11.0,7.0,0.0,7.0,6.0,0.0,6.0,-20.0,24.0,47.0,48.0,-48.0,52.0,-23.0,114.0,68.0,11.0,113.0,48.0,6.0,-73.0,38.0,20.0,1.0,20.0,42.0,4.0,42.0,23.0,2.0,23.0,11.0,0.0,11.0,6.0,0.0,6.0,6
-2.0,64.0,20.0,26.0,-16.0,40.0,-11.0,115.0,37.0,-6.0,112.0,26.0,6.0,-73.0,35.0,4.0,0.0,4.0,22.0,3.0,22.0,11.0,1.0,11.0,6.0,0.0,6.0,6.0,1.0,6.0,-19.0,23.0,47.0,45.0,-52.0,38.0,-22.0,116.0,78.0,12.0,113.0,44.0,6.0,-73.0,35.0,19.0,0.0,19.0,43.0,2.0,43.0,22.0,1.0,22.0,12.0,0.0,12.0,6.0,1.0,6.0,6
-3.0,64.0,22.0,24.0,-19.0,22.0,-10.0,116.0,43.0,-4.0,112.0,24.0,9.0,-72.0,30.0,3.0,0.0,3.0,14.0,0.0,14.0,10.0,1.0,10.0,4.0,1.0,4.0,9.0,0.0,9.0,-19.0,23.0,47.0,44.0,-54.0,16.0,-20.0,117.0,85.0,14.0,113.0,40.0,9.0,-72.0,30.0,19.0,1.0,19.0,34.0,0.0,34.0,20.0,1.0,20.0,14.0,1.0,14.0,9.0,0.0,9.0,6
-3.0,64.0,27.0,19.0,-19.0,11.0,-8.0,117.0,51.0,-2.0,111.0,21.0,11.0,-72.0,25.0,3.0,0.0,3.0,11.0,0.0,11.0,8.0,1.0,8.0,2.0,0.0,2.0,9.0,1.0,9.0,-17.0,22.0,51.0,39.0,-54.0,-3.0,-17.0,118.0,94.0,17.0,112.0,32.0,11.0,-72.0,25.0,19.0,0.0,19.0,29.0,1.0,29.0,17.0,0.0,17.0,17.0,1.0,17.0,9.0,1.0,9.0,6
-3.0,64.0,26.0,15.0,-19.0,2.0,-8.0,118.0,54.0,0.0,111.0,24.0,10.0,-71.0,23.0,3.0,1.0,3.0,9.0,2.0,9.0,8.0,2.0,8.0,0.0,2.0,0.0,10.0,1.0,10.0,-18.0,22.0,50.0,34.0,-53.0,-14.0,-16.0,118.0,98.0,19.0,113.0,34.0,10.0,-71.0,23.0,18.0,2.0,18.0,30.0,1.0,30.0,16.0,1.0,16.0,19.0,0.0,19.0,10.0,1.0,10.0,6
-3.0,63.0,30.0,12.0,-17.0,-13.0,-5.0,120.0,55.0,0.0,113.0,24.0,11.0,-72.0,20.0,9.0,0.0,9.0,6.0,3.0,6.0,5.0,1.0,5.0,0.0,1.0,0.0,7.0,0.0,7.0,-17.0,20.0,52.0,32.0,-52.0,-30.0,-14.0,119.0,99.0,19.0,113.0,36.0,11.0,-72.0,20.0,21.0,0.0,21.0,16.0,3.0,16.0,14.0,2.0,14.0,19.0,1.0,19.0,7.0,0.0,7.0,6
-6.0,63.0,38.0,3.0,-14.0,-2.0,-5.0,121.0,50.0,1.0,114.0,18.0,9.0,-72.0,14.0,10.0,0.0,10.0,3.0,2.0,3.0,9.0,0.0,9.0,3.0,1.0,3.0,5.0,0.0,5.0,-19.0,20.0,53.0,24.0,-49.0,-25.0,-14.0,121.0,94.0,20.0,114.0,29.0,9.0,-72.0,14.0,25.0,2.0,25.0,24.0,2.0,24.0,18.0,1.0,18.0,18.0,1.0,18.0,5.0,0.0,5.0,6
-8.0,63.0,40.0,4.0,-16.0,1.0,-7.0,121.0,51.0,-1.0,115.0,17.0,7.0,-72.0,12.0,8.0,0.0,8.0,4.0,13.0,4.0,13.0,1.0,13.0,9.0,1.0,9.0,1.0,1.0,1.0,-22.0,22.0,55.0,25.0,-51.0,-20.0,-16.0,122.0,94.0,19.0,115.0,30.0,7.0,-72.0,12.0,24.0,1.0,24.0,25.0,14.0,25.0,30.0,1.0,30.0,5.0,1.0,5.0,1.0,1.0,1.0,6
-6.0,63.0,47.0,6.0,-29.0,2.0,-10.0,120.0,57.0,-5.0,116.0,6.0,3.0,-73.0,14.0,6.0,0.0,6.0,6.0,27.0,6.0,18.0,2.0,18.0,15.0,2.0,15.0,15.0,2.0,15.0,-23.0,23.0,60.0,27.0,-65.0,0.0,-23.0,123.0,95.0,12.0,116.0,30.0,3.0,-73.0,14.0,35.0,2.0,35.0,27.0,32.0,27.0,41.0,0.0,41.0,6.0,0.0,6.0,15.0,2.0,15.0,6
-6.0,63.0,50.0,13.0,-56.0,41.0,-14.0,122.0,56.0,-10.0,114.0,-15.0,-6.0,-75.0,15.0,6.0,1.0,6.0,13.0,12.0,13.0,14.0,1.0,14.0,16.0,1.0,16.0,12.0,1.0,12.0,-29.0,25.0,49.0,27.0,-97.0,51.0,-32.0,123.0,81.0,3.0,116.0,20.0,-6.0,-75.0,15.0,29.0,0.0,29.0,21.0,14.0,21.0,36.0,0.0,36.0,9.0,0.0,9.0,12.0,1.0,12.0,6
-4.0,62.0,59.0,14.0,-68.0,70.0,-14.0,123.0,60.0,-13.0,113.0,-24.0,-9.0,-76.0,14.0,4.0,1.0,4.0,14.0,0.0,14.0,20.0,1.0,20.0,13.0,2.0,13.0,17.0,0.0,17.0,-29.0,25.0,51.0,24.0,-111.0,90.0,-34.0,123.0,77.0,-3.0,116.0,17.0,-9.0,-76.0,14.0,33.0,1.0,33.0,14.0,3.0,14.0,42.0,2.0,42.0,11.0,3.0,11.0,17.0,0.0,17.0,6
-4.0,61.0,61.0,15.0,-68.0,96.0,-17.0,122.0,60.0,-13.0,111.0,-34.0,-13.0,-76.0,12.0,8.0,1.0,8.0,7.0,1.0,7.0,25.0,1.0,25.0,17.0,2.0,17.0,21.0,1.0,21.0,-31.0,26.0,44.0,19.0,-114.0,118.0,-38.0,121.0,71.0,-7.0,113.0,10.0,-13.0,-76.0,12.0,37.0,2.0,37.0,1.0,1.0,1.0,46.0,1.0,46.0,17.0,2.0,17.0,21.0,1.0,21.0,6
-6.0,62.0,55.0,11.0,-67.0,100.0,-21.0,121.0,58.0,-15.0,109.0,-41.0,-17.0,-77.0,13.0,6.0,1.0,6.0,1.0,1.0,1.0,21.0,1.0,21.0,15.0,1.0,15.0,17.0,1.0,17.0,-34.0,28.0,28.0,10.0,-113.0,125.0,-42.0,120.0,62.0,-12.0,111.0,5.0,-17.0,-77.0,13.0,34.0,0.0,34.0,6.0,1.0,6.0,42.0,1.0,42.0,12.0,1.0,12.0,17.0,1.0,17.0,6
-6.0,63.0,41.0,6.0,-66.0,106.0,-20.0,122.0,59.0,-14.0,110.0,-34.0,-17.0,-78.0,18.0,6.0,0.0,6.0,2.0,1.0,2.0,20.0,0.0,20.0,16.0,0.0,16.0,19.0,0.0,19.0,-33.0,28.0,23.0,8.0,-114.0,135.0,-40.0,121.0,66.0,-9.0,112.0,11.0,-17.0,-78.0,18.0,35.0,0.0,35.0,4.0,2.0,4.0,42.0,1.0,42.0,11.0,0.0,11.0,19.0,0.0,19.0,6
-6.0,63.0,34.0,4.0,-65.0,108.0,-20.0,122.0,60.0,-15.0,110.0,-31.0,-18.0,-78.0,21.0,6.0,1.0,6.0,4.0,3.0,4.0,28.0,2.0,28.0,17.0,0.0,17.0,18.0,0.0,18.0,-34.0,28.0,18.0,6.0,-112.0,138.0,-41.0,120.0,68.0,-10.0,112.0,14.0,-18.0,-78.0,21.0,34.0,3.0,34.0,4.0,4.0,4.0,47.0,2.0,47.0,12.0,1.0,12.0,18.0,0.0,18.0,6
-5.0,62.0,42.0,4.0,-62.0,113.0,-24.0,120.0,72.0,-16.0,110.0,-26.0,-16.0,-78.0,29.0,5.0,0.0,5.0,4.0,5.0,4.0,26.0,1.0,26.0,16.0,2.0,16.0,16.0,0.0,16.0,-33.0,25.0,29.0,5.0,-108.0,148.0,-44.0,118.0,80.0,-11.0,111.0,19.0,-16.0,-78.0,29.0,33.0,0.0,33.0,5.0,5.0,5.0,44.0,1.0,44.0,11.0,1.0,11.0,16.0,0.0,16.0,6
-3.0,62.0,39.0,7.0,-57.0,121.0,-25.0,119.0,78.0,-16.0,108.0,-21.0,-14.0,-78.0,33.0,7.0,0.0,7.0,5.0,8.0,5.0,25.0,1.0,25.0,18.0,0.0,18.0,14.0,0.0,14.0,-30.0,25.0,27.0,9.0,-103.0,157.0,-44.0,117.0,87.0,-10.0,110.0,24.0,-14.0,-78.0,33.0,32.0,0.0,32.0,9.0,9.0,9.0,44.0,1.0,44.0,10.0,0.0,10.0,14.0,0.0,14.0,6
-5.0,62.0,30.0,6.0,-49.0,134.0,-22.0,118.0,80.0,-17.0,108.0,-9.0,-12.0,-78.0,40.0,11.0,1.0,11.0,6.0,21.0,6.0,22.0,2.0,22.0,17.0,0.0,17.0,12.0,1.0,12.0,-31.0,25.0,26.0,11.0,-94.0,171.0,-41.0,116.0,92.0,-9.0,110.0,34.0,-12.0,-78.0,40.0,33.0,3.0,33.0,11.0,22.0,11.0,41.0,1.0,41.0,11.0,0.0,11.0,12.0,1.0,12.0,6
-8.0,61.0,18.0,11.0,-28.0,144.0,-20.0,116.0,68.0,-17.0,108.0,-5.0,-11.0,-79.0,44.0,8.0,1.0,8.0,11.0,28.0,11.0,20.0,2.0,20.0,17.0,0.0,17.0,11.0,1.0,11.0,-32.0,22.0,21.0,18.0,-72.0,194.0,-39.0,115.0,77.0,-10.0,110.0,39.0,-11.0,-79.0,44.0,32.0,2.0,32.0,18.0,29.0,18.0,39.0,2.0,39.0,10.0,0.0,10.0,11.0,1.0,11.0,6
-8.0,60.0,8.0,12.0,0.0,145.0,-18.0,114.0,48.0,-16.0,108.0,-6.0,-10.0,-78.0,44.0,8.0,1.0,8.0,12.0,26.0,12.0,18.0,1.0,18.0,16.0,1.0,16.0,10.0,0.0,10.0,-32.0,20.0,13.0,21.0,-43.0,194.0,-37.0,113.0,57.0,-10.0,110.0,39.0,-10.0,-78.0,44.0,32.0,1.0,32.0,21.0,25.0,21.0,37.0,2.0,37.0,10.0,1.0,10.0,10.0,0.0,10.0,6
-6.0,61.0,16.0,13.0,26.0,132.0,-13.0,113.0,32.0,-15.0,109.0,6.0,-9.0,-78.0,49.0,8.0,1.0,8.0,3.0,34.0,3.0,13.0,1.0,13.0,15.0,1.0,15.0,9.0,2.0,9.0,-30.0,21.0,24.0,24.0,-18.0,171.0,-32.0,111.0,49.0,-6.0,111.0,47.0,-9.0,-78.0,49.0,30.0,2.0,30.0,22.0,37.0,22.0,32.0,0.0,32.0,6.0,2.0,6.0,9.0,2.0,9.0,6
-7.0,62.0,9.0,8.0,60.0,68.0,-9.0,112.0,14.0,-11.0,110.0,8.0,-5.0,-76.0,48.0,7.0,0.0,7.0,4.0,5.0,4.0,9.0,2.0,9.0,11.0,1.0,11.0,5.0,2.0,5.0,-28.0,23.0,19.0,23.0,19.0,103.0,-28.0,111.0,35.0,-1.0,113.0,48.0,-5.0,-76.0,48.0,28.0,1.0,28.0,15.0,6.0,15.0,28.0,0.0,28.0,1.0,1.0,1.0,5.0,2.0,5.0,6
-7.0,62.0,0.0,2.0,65.0,20.0,-7.0,110.0,10.0,-9.0,111.0,13.0,-4.0,-74.0,48.0,-7.0,62.0,-7.0,2.0,65.0,2.0,-7.0,110.0,-7.0,-9.0,111.0,-9.0,-4.0,-74.0,-4.0,-27.0,24.0,13.0,19.0,25.0,54.0,-25.0,111.0,33.0,2.0,114.0,50.0,-4.0,-74.0,48.0,-27.0,24.0,-27.0,19.0,25.0,19.0,-25.0,111.0,-25.0,2.0,114.0,2.0,-4.0,-74.0,-4.0,6
