left_arm_local_X,left_arm_local_Y,left_arm_local_Z,right_arm_local_X,right_arm_local_Y,right_arm_local_Z,left_leg_local_X,left_leg_local_Y,left_leg_local_Z,right_leg_local_X,right_leg_local_Y,right_leg_local_Z,waist_head_local_X,waist_head_local_Y,waist_head_local_Z,left_arm_local_distX,left_arm_local__distY,left_arm_local__distZ,right_arm_local__distX,right_arm_local__distY,right_arm_local__distZ,left_leg_local__distX,left_leg_local__distY,left_leg_local__distZ,right_leg_local__distX,right_leg_local__distY,right_leg_local__distZ,waist_head_local__distX,waist_head_local__distY,waist_head_local__distZ,left_arm_global_X,left_arm_global_Y,left_arm_global_Z,right_arm_global_X,right_arm_global_Y,right_arm_global_Z,left_leg_global_X,left_leg_global_Y,left_leg_global_Z,right_leg_global_X,right_leg_global_Y,right_leg_global_Z,waist_head_global_X,waist_head_global_Y,waist_head_global_Z,left_arm_global_distX,left_arm_global__distY,left_arm_global__distZ,right_arm_global__distX,right_arm_global__distY,right_arm_global__distZ,left_leg_global__distX,left_leg_global__distY,left_leg_global__distZ,right_leg_global__distX,right_leg_global__distY,right_global__leg_distZ,waist_head_global__distX,waist_head_global__distY,waist_head_global__distZ,label
1.0,68.0,28.0,-2.0,70.0,18.0,3.0,129.0,32.0,-11.0,128.0,14.0,4.0,-65.0,93.0,1.0,2.0,1.0,4.0,0.0,4.0,3.0,1.0,3.0,11.0,1.0,11.0,4.0,4.0,4.0,-26.0,30.0,47.0,19.0,33.0,59.0,-23.0,129.0,58.0,7.0,129.0,60.0,4.0,-65.0,93.0,26.0,2.0,26.0,19.0,1.0,19.0,23.0,0.0,23.0,7.0,1.0,7.0,4.0,4.0,4.0,6
1.0,66.0,33.0,-3.0,70.0,18.0,4.0,130.0,37.0,-11.0,127.0,15.0,4.0,-69.0,89.0,1.0,1.0,1.0,3.0,0.0,3.0,4.0,0.0,4.0,15.0,1.0,15.0,4.0,3.0,4.0,-24.0,28.0,54.0,20.0,34.0,59.0,-21.0,129.0,64.0,8.0,128.0,60.0,4.0,-69.0,89.0,24.0,1.0,24.0,20.0,2.0,20.0,21.0,0.0,21.0,4.0,2.0,4.0,4.0,3.0,4.0,6
1.0,65.0,27.0,-3.0,70.0,10.0,4.0,130.0,28.0,-13.0,126.0,-4.0,5.0,-72.0,80.0,1.0,1.0,1.0,3.0,0.0,3.0,4.0,1.0,4.0,13.0,2.0,13.0,5.0,0.0,5.0,-24.0,27.0,46.0,20.0,32.0,48.0,-21.0,129.0,56.0,6.0,126.0,41.0,5.0,-72.0,80.0,26.0,1.0,26.0,20.0,0.0,20.0,21.0,0.0,21.0,6.0,2.0,6.0,5.0,0.0,5.0,6
1.0,66.0,32.0,1.0,70.0,21.0,5.0,129.0,30.0,-10.0,128.0,14.0,5.0,-72.0,77.0,1.0,0.0,1.0,7.0,2.0,7.0,5.0,1.0,5.0,10.0,1.0,10.0,5.0,6.0,5.0,-25.0,26.0,49.0,23.0,32.0,58.0,-20.0,129.0,57.0,9.0,128.0,59.0,5.0,-72.0,77.0,25.0,1.0,25.0,15.0,0.0,15.0,22.0,1.0,22.0,9.0,1.0,9.0,5.0,6.0,5.0,6
1.0,66.0,32.0,-3.0,68.0,3.0,5.0,130.0,31.0,-9.0,129.0,14.0,5.0,-66.0,86.0,5.0,1.0,5.0,3.0,1.0,3.0,5.0,0.0,5.0,9.0,1.0,9.0,5.0,4.0,5.0,-25.0,27.0,49.0,19.0,32.0,41.0,-21.0,130.0,58.0,9.0,129.0,60.0,5.0,-66.0,86.0,29.0,1.0,29.0,19.0,1.0,19.0,21.0,1.0,21.0,9.0,0.0,9.0,5.0,4.0,5.0,6
-2.0,65.0,41.0,1.0,69.0,17.0,6.0,130.0,33.0,-8.0,128.0,14.0,5.0,-70.0,85.0,2.0,0.0,2.0,3.0,1.0,3.0,4.0,0.0,4.0,10.0,0.0,10.0,5.0,2.0,5.0,-27.0,26.0,60.0,24.0,33.0,54.0,-19.0,131.0,61.0,11.0,129.0,59.0,5.0,-70.0,85.0,27.0,1.0,27.0,16.0,1.0,16.0,21.0,2.0,21.0,9.0,0.0,9.0,5.0,2.0,5.0,6
3.0,65.0,32.0,-1.0,68.0,33.0,5.0,130.0,27.0,-9.0,128.0,14.0,6.0,-68.0,82.0,5.0,0.0,5.0,3.0,4.0,3.0,5.0,0.0,5.0,9.0,1.0,9.0,6.0,3.0,6.0,-24.0,25.0,48.0,20.0,32.0,66.0,-20.0,129.0,56.0,10.0,129.0,57.0,6.0,-68.0,82.0,30.0,1.0,30.0,20.0,3.0,20.0,20.0,2.0,20.0,10.0,1.0,10.0,6.0,3.0,6.0,6
-1.0,65.0,44.0,-2.0,64.0,49.0,7.0,130.0,28.0,-8.0,129.0,12.0,6.0,-71.0,76.0,7.0,2.0,7.0,2.0,5.0,2.0,7.0,0.0,7.0,8.0,1.0,8.0,2.0,0.0,2.0,-27.0,24.0,60.0,20.0,29.0,78.0,-18.0,131.0,59.0,12.0,130.0,54.0,6.0,-71.0,76.0,33.0,2.0,33.0,20.0,4.0,20.0,18.0,0.0,18.0,12.0,0.0,12.0,2.0,0.0,2.0,6
-4.0,67.0,44.0,1.0,59.0,57.0,9.0,130.0,24.0,-8.0,130.0,23.0,4.0,-71.0,72.0,4.0,1.0,4.0,1.0,19.0,1.0,9.0,1.0,9.0,8.0,0.0,8.0,4.0,2.0,4.0,-30.0,26.0,60.0,23.0,25.0,84.0,-16.0,131.0,57.0,12.0,130.0,63.0,4.0,-71.0,72.0,30.0,2.0,30.0,23.0,21.0,23.0,16.0,1.0,16.0,12.0,1.0,12.0,4.0,2.0,4.0,6
1.0,68.0,31.0,6.0,40.0,83.0,11.0,131.0,22.0,-6.0,130.0,17.0,4.0,-73.0,71.0,1.0,2.0,1.0,6.0,17.0,6.0,11.0,0.0,11.0,6.0,1.0,6.0,4.0,2.0,4.0,-24.0,24.0,48.0,29.0,4.0,105.0,-13.0,130.0,58.0,16.0,129.0,56.0,4.0,-73.0,71.0,24.0,0.0,24.0,29.0,14.0,29.0,13.0,1.0,13.0,16.0,1.0,16.0,4.0,2.0,4.0,6
2.0,66.0,36.0,11.0,23.0,85.0,14.0,131.0,12.0,-2.0,129.0,21.0,6.0,-71.0,72.0,0.0,0.0,0.0,11.0,13.0,11.0,12.0,0.0,12.0,2.0,0.0,2.0,2.0,1.0,2.0,-22.0,24.0,60.0,36.0,-10.0,99.0,-8.0,131.0,53.0,21.0,130.0,52.0,6.0,-71.0,72.0,24.0,0.0,24.0,36.0,14.0,36.0,8.0,0.0,8.0,21.0,1.0,21.0,2.0,1.0,2.0,6
1.0,66.0,32.0,14.0,10.0,82.0,13.0,131.0,11.0,-2.0,129.0,29.0,4.0,-70.0,80.0,13.0,1.0,13.0,14.0,21.0,14.0,13.0,0.0,13.0,2.0,0.0,2.0,2.0,5.0,2.0,-23.0,24.0,59.0,39.0,-24.0,94.0,-8.0,131.0,55.0,22.0,131.0,58.0,4.0,-70.0,80.0,25.0,4.0,25.0,39.0,18.0,39.0,8.0,1.0,8.0,22.0,1.0,22.0,2.0,5.0,2.0,6
-6.0,67.0,34.0,14.0,-11.0,70.0,18.0,131.0,12.0,1.0,129.0,35.0,3.0,-75.0,11.0,6.0,2.0,6.0,14.0,9.0,14.0,18.0,1.0,18.0,1.0,1.0,1.0,3.0,1.0,3.0,-24.0,20.0,61.0,42.0,-42.0,77.0,-3.0,130.0,58.0,25.0,130.0,60.0,3.0,-75.0,11.0,24.0,3.0,24.0,42.0,11.0,42.0,3.0,0.0,3.0,25.0,1.0,25.0,3.0,1.0,3.0,6
-3.0,69.0,33.0,15.0,-20.0,69.0,20.0,132.0,8.0,3.0,128.0,32.0,3.0,-74.0,13.0,3.0,0.0,3.0,15.0,7.0,15.0,18.0,0.0,18.0,3.0,1.0,3.0,3.0,1.0,3.0,-22.0,23.0,62.0,43.0,-53.0,71.0,0.0,130.0,57.0,28.0,129.0,54.0,3.0,-74.0,13.0,22.0,2.0,22.0,41.0,9.0,41.0,0.0,0.0,0.0,28.0,1.0,28.0,3.0,1.0,3.0,6
0.0,69.0,34.0,15.0,-27.0,57.0,19.0,132.0,8.0,4.0,129.0,37.0,5.0,-75.0,50.0,0.0,0.0,0.0,3.0,6.0,3.0,13.0,1.0,13.0,4.0,1.0,4.0,5.0,4.0,5.0,-20.0,25.0,67.0,42.0,-62.0,60.0,0.0,130.0,57.0,29.0,130.0,58.0,5.0,-75.0,50.0,20.0,2.0,20.0,26.0,7.0,26.0,10.0,0.0,10.0,19.0,1.0,19.0,5.0,4.0,5.0,6
3.0,69.0,25.0,9.0,-33.0,30.0,16.0,133.0,14.0,0.0,130.0,29.0,9.0,-71.0,82.0,3.0,1.0,3.0,1.0,3.0,1.0,16.0,0.0,16.0,0.0,2.0,0.0,9.0,6.0,9.0,-20.0,27.0,63.0,34.0,-69.0,44.0,-5.0,130.0,58.0,24.0,131.0,59.0,9.0,-71.0,82.0,24.0,1.0,24.0,24.0,0.0,24.0,5.0,0.0,5.0,22.0,1.0,22.0,9.0,6.0,9.0,6
3.0,68.0,25.0,5.0,-36.0,17.0,19.0,133.0,16.0,0.0,128.0,21.0,10.0,-65.0,88.0,1.0,0.0,1.0,3.0,3.0,3.0,7.0,0.0,7.0,2.0,2.0,2.0,10.0,3.0,10.0,-22.0,28.0,61.0,29.0,-69.0,33.0,-3.0,130.0,59.0,23.0,130.0,50.0,10.0,-65.0,88.0,26.0,3.0,26.0,21.0,0.0,21.0,17.0,0.0,17.0,19.0,1.0,19.0,10.0,3.0,10.0,6
1.0,68.0,30.0,1.0,-33.0,5.0,13.0,133.0,14.0,-1.0,130.0,24.0,10.0,-68.0,87.0,5.0,1.0,5.0,9.0,3.0,9.0,7.0,1.0,7.0,7.0,0.0,7.0,10.0,2.0,10.0,-24.0,25.0,62.0,25.0,-69.0,24.0,-10.0,130.0,53.0,21.0,131.0,58.0,10.0,-68.0,87.0,28.0,0.0,28.0,15.0,1.0,15.0,16.0,1.0,16.0,15.0,1.0,15.0,10.0,2.0,10.0,6
-2.0,69.0,37.0,-4.0,-30.0,-2.0,10.0,134.0,22.0,-4.0,130.0,20.0,12.0,-66.0,87.0,2.0,1.0,2.0,8.0,1.0,8.0,6.0,1.0,6.0,6.0,0.0,6.0,0.0,2.0,0.0,-26.0,25.0,62.0,20.0,-68.0,21.0,-13.0,131.0,59.0,18.0,132.0,57.0,12.0,-66.0,87.0,30.0,2.0,30.0,10.0,1.0,10.0,19.0,2.0,19.0,12.0,1.0,12.0,0.0,2.0,0.0,6
-1.0,70.0,41.0,-6.0,-29.0,-5.0,8.0,133.0,22.0,-5.0,130.0,13.0,6.0,-68.0,88.0,1.0,2.0,1.0,10.0,2.0,10.0,6.0,1.0,6.0,5.0,0.0,5.0,6.0,0.0,6.0,-28.0,27.0,62.0,15.0,-67.0,22.0,-16.0,129.0,53.0,15.0,131.0,55.0,6.0,-68.0,88.0,28.0,0.0,28.0,11.0,1.0,11.0,20.0,1.0,20.0,11.0,0.0,11.0,6.0,0.0,6.0,6
0.0,68.0,47.0,-8.0,-27.0,-9.0,7.0,132.0,24.0,-5.0,130.0,9.0,6.0,-68.0,85.0,0.0,1.0,0.0,8.0,11.0,8.0,3.0,2.0,3.0,11.0,1.0,11.0,6.0,2.0,6.0,-27.0,27.0,61.0,13.0,-66.0,22.0,-18.0,128.0,50.0,13.0,131.0,55.0,6.0,-68.0,85.0,27.0,3.0,27.0,9.0,12.0,9.0,24.0,0.0,24.0,5.0,1.0,5.0,6.0,2.0,6.0,6
0.0,69.0,46.0,-8.0,-38.0,-9.0,5.0,130.0,27.0,-8.0,131.0,7.0,6.0,-70.0,85.0,8.0,2.0,8.0,8.0,11.0,8.0,1.0,2.0,1.0,12.0,1.0,12.0,6.0,8.0,6.0,-27.0,30.0,59.0,11.0,-78.0,29.0,-21.0,128.0,48.0,9.0,130.0,56.0,6.0,-70.0,85.0,41.0,2.0,41.0,9.0,11.0,9.0,29.0,1.0,29.0,1.0,1.0,1.0,6.0,8.0,6.0,6
-4.0,71.0,51.0,-6.0,-49.0,-2.0,2.0,128.0,28.0,-10.0,132.0,5.0,6.0,-62.0,93.0,4.0,0.0,4.0,6.0,19.0,6.0,2.0,2.0,2.0,14.0,1.0,14.0,6.0,4.0,6.0,-34.0,32.0,61.0,10.0,-89.0,40.0,-25.0,127.0,44.0,5.0,131.0,57.0,6.0,-62.0,93.0,34.0,2.0,34.0,10.0,18.0,10.0,27.0,2.0,27.0,1.0,1.0,1.0,6.0,4.0,6.0,6
-4.0,71.0,51.0,0.0,-68.0,25.0,0.0,130.0,34.0,-12.0,131.0,6.0,11.0,-66.0,83.0,10.0,2.0,10.0,0.0,13.0,0.0,12.0,1.0,12.0,20.0,4.0,20.0,11.0,5.0,11.0,-34.0,30.0,55.0,13.0,-107.0,72.0,-26.0,129.0,48.0,2.0,130.0,59.0,11.0,-66.0,83.0,34.0,12.0,34.0,13.0,7.0,13.0,40.0,0.0,40.0,14.0,2.0,14.0,11.0,5.0,11.0,6
-7.0,69.0,38.0,8.0,-81.0,77.0,-6.0,131.0,52.0,-16.0,127.0,-5.0,16.0,-61.0,80.0,7.0,0.0,7.0,8.0,7.0,8.0,10.0,1.0,10.0,20.0,3.0,20.0,12.0,3.0,12.0,-34.0,18.0,39.0,16.0,-114.0,128.0,-33.0,129.0,56.0,-6.0,128.0,53.0,16.0,-61.0,80.0,34.0,7.0,34.0,16.0,5.0,16.0,35.0,1.0,35.0,10.0,2.0,10.0,12.0,3.0,12.0,6
-6.0,69.0,50.0,10.0,-74.0,104.0,-8.0,130.0,49.0,-18.0,124.0,-5.0,14.0,-58.0,72.0,6.0,2.0,6.0,10.0,6.0,10.0,12.0,2.0,12.0,18.0,0.0,18.0,20.0,22.0,20.0,-34.0,25.0,44.0,18.0,-109.0,155.0,-34.0,128.0,52.0,-8.0,126.0,54.0,14.0,-58.0,72.0,34.0,11.0,34.0,18.0,2.0,18.0,40.0,1.0,40.0,8.0,1.0,8.0,20.0,22.0,20.0,6
-1.0,71.0,58.0,14.0,-68.0,123.0,-10.0,128.0,50.0,-16.0,124.0,0.0,-3.0,-80.0,43.0,1.0,1.0,1.0,10.0,2.0,10.0,10.0,0.0,10.0,18.0,3.0,18.0,17.0,4.0,17.0,-33.0,36.0,53.0,20.0,-111.0,177.0,-37.0,127.0,53.0,-7.0,125.0,60.0,-3.0,-80.0,43.0,33.0,5.0,33.0,12.0,1.0,12.0,37.0,2.0,37.0,7.0,3.0,7.0,17.0,4.0,17.0,6
2.0,70.0,36.0,2.0,-66.0,145.0,-9.0,128.0,51.0,-17.0,127.0,10.0,-10.0,-84.0,51.0,14.0,1.0,14.0,10.0,7.0,10.0,9.0,2.0,9.0,17.0,0.0,17.0,16.0,6.0,16.0,-26.0,31.0,46.0,16.0,-110.0,206.0,-35.0,129.0,60.0,-4.0,128.0,67.0,-10.0,-84.0,51.0,34.0,1.0,34.0,16.0,11.0,16.0,35.0,0.0,35.0,4.0,0.0,4.0,16.0,6.0,16.0,6
-6.0,71.0,16.0,-4.0,-59.0,155.0,-5.0,130.0,46.0,-15.0,127.0,2.0,-13.0,-78.0,46.0,6.0,1.0,6.0,8.0,6.0,8.0,5.0,1.0,5.0,17.0,0.0,17.0,13.0,0.0,13.0,-30.0,30.0,30.0,16.0,-99.0,213.0,-32.0,129.0,57.0,-3.0,128.0,58.0,-13.0,-78.0,46.0,30.0,1.0,30.0,14.0,7.0,14.0,32.0,0.0,32.0,3.0,0.0,3.0,13.0,0.0,13.0,6
-4.0,72.0,18.0,-6.0,-53.0,156.0,-2.0,131.0,46.0,-16.0,127.0,10.0,-11.0,-78.0,50.0,8.0,2.0,8.0,16.0,9.0,16.0,2.0,1.0,2.0,16.0,0.0,16.0,11.0,1.0,11.0,-28.0,29.0,34.0,15.0,-92.0,210.0,-28.0,129.0,63.0,0.0,128.0,62.0,-11.0,-78.0,50.0,30.0,1.0,30.0,13.0,10.0,13.0,28.0,1.0,28.0,0.0,2.0,0.0,11.0,1.0,11.0,6
-6.0,70.0,19.0,-11.0,-44.0,155.0,1.0,132.0,36.0,-14.0,127.0,21.0,-7.0,-79.0,51.0,8.0,2.0,8.0,15.0,6.0,15.0,1.0,1.0,1.0,14.0,1.0,14.0,7.0,1.0,7.0,-29.0,28.0,44.0,14.0,-82.0,201.0,-24.0,130.0,62.0,4.0,130.0,67.0,-7.0,-79.0,51.0,29.0,3.0,29.0,12.0,8.0,12.0,24.0,1.0,24.0,4.0,2.0,4.0,7.0,1.0,7.0,6
-7.0,72.0,16.0,-13.0,-38.0,154.0,5.0,133.0,36.0,-12.0,128.0,24.0,-7.0,-78.0,54.0,9.0,0.0,9.0,13.0,11.0,13.0,5.0,0.0,5.0,12.0,0.0,12.0,7.0,0.0,7.0,-29.0,31.0,42.0,13.0,-74.0,194.0,-19.0,131.0,67.0,8.0,132.0,67.0,-7.0,-78.0,54.0,31.0,0.0,31.0,13.0,11.0,13.0,19.0,0.0,19.0,8.0,0.0,8.0,7.0,0.0,7.0,6
-8.0,72.0,11.0,-11.0,-27.0,155.0,8.0,133.0,29.0,-10.0,128.0,32.0,-5.0,-78.0,54.0,8.0,1.0,8.0,11.0,22.0,11.0,8.0,1.0,8.0,10.0,1.0,10.0,5.0,2.0,5.0,-30.0,31.0,41.0,17.0,-63.0,184.0,-15.0,131.0,67.0,12.0,132.0,68.0,-5.0,-78.0,54.0,30.0,0.0,30.0,17.0,22.0,17.0,15.0,1.0,15.0,12.0,0.0,12.0,5.0,2.0,5.0,6
-3.0,71.0,15.0,3.0,-5.0,151.0,11.0,132.0,25.0,-5.0,129.0,38.0,-5.0,-76.0,54.0,9.0,1.0,9.0,1.0,30.0,1.0,11.0,0.0,11.0,5.0,0.0,5.0,5.0,1.0,5.0,-24.0,31.0,48.0,31.0,-41.0,165.0,-10.0,130.0,69.0,18.0,132.0,68.0,-5.0,-76.0,54.0,28.0,1.0,28.0,27.0,30.0,27.0,10.0,1.0,10.0,18.0,1.0,18.0,5.0,1.0,5.0,6
-6.0,70.0,23.0,1.0,25.0,161.0,11.0,132.0,21.0,-4.0,129.0,40.0,-3.0,-77.0,53.0,6.0,1.0,6.0,1.0,18.0,1.0,13.0,1.0,13.0,22.0,1.0,22.0,5.0,2.0,5.0,-26.0,30.0,57.0,29.0,-11.0,173.0,-10.0,131.0,66.0,20.0,131.0,68.0,-3.0,-77.0,53.0,26.0,4.0,26.0,15.0,14.0,15.0,44.0,0.0,44.0,14.0,1.0,14.0,5.0,2.0,5.0,6
3.0,71.0,44.0,5.0,43.0,99.0,-1.0,131.0,47.0,-13.0,130.0,14.0,-4.0,-75.0,46.0,1.0,1.0,1.0,5.0,25.0,5.0,1.0,0.0,1.0,15.0,1.0,15.0,10.0,1.0,10.0,-26.0,34.0,48.0,22.0,3.0,133.0,-27.0,131.0,67.0,3.0,130.0,64.0,-4.0,-75.0,46.0,28.0,3.0,28.0,22.0,26.0,22.0,27.0,1.0,27.0,3.0,0.0,3.0,10.0,1.0,10.0,6
1.0,70.0,45.0,6.0,68.0,66.0,2.0,131.0,38.0,-14.0,131.0,21.0,-7.0,-76.0,44.0,1.0,3.0,1.0,4.0,1.0,4.0,2.0,0.0,2.0,14.0,1.0,14.0,7.0,0.0,7.0,-27.0,31.0,48.0,24.0,29.0,99.0,-24.0,130.0,61.0,3.0,130.0,70.0,-7.0,-76.0,44.0,27.0,4.0,27.0,16.0,1.0,16.0,24.0,0.0,24.0,3.0,0.0,3.0,7.0,0.0,7.0,6
2.0,67.0,50.0,1.0,69.0,20.0,2.0,131.0,43.0,-12.0,132.0,22.0,-4.0,-76.0,42.0,2.0,67.0,2.0,1.0,69.0,1.0,2.0,131.0,2.0,-12.0,132.0,-12.0,-4.0,-76.0,-4.0,-25.0,27.0,53.0,20.0,30.0,52.0,-24.0,130.0,65.0,5.0,130.0,71.0,-4.0,-76.0,42.0,-25.0,27.0,-25.0,20.0,30.0,20.0,-24.0,130.0,-24.0,5.0,130.0,5.0,-4.0,-76.0,-4.0,6
