left_arm_local_X,left_arm_local_Y,left_arm_local_Z,right_arm_local_X,right_arm_local_Y,right_arm_local_Z,left_leg_local_X,left_leg_local_Y,left_leg_local_Z,right_leg_local_X,right_leg_local_Y,right_leg_local_Z,waist_head_local_X,waist_head_local_Y,waist_head_local_Z,left_arm_local_distX,left_arm_local__distY,left_arm_local__distZ,right_arm_local__distX,right_arm_local__distY,right_arm_local__distZ,left_leg_local__distX,left_leg_local__distY,left_leg_local__distZ,right_leg_local__distX,right_leg_local__distY,right_leg_local__distZ,waist_head_local__distX,waist_head_local__distY,waist_head_local__distZ,left_arm_global_X,left_arm_global_Y,left_arm_global_Z,right_arm_global_X,right_arm_global_Y,right_arm_global_Z,left_leg_global_X,left_leg_global_Y,left_leg_global_Z,right_leg_global_X,right_leg_global_Y,right_leg_global_Z,waist_head_global_X,waist_head_global_Y,waist_head_global_Z,left_arm_global_distX,left_arm_global__distY,left_arm_global__distZ,right_arm_global__distX,right_arm_global__distY,right_arm_global__distZ,left_leg_global__distX,left_leg_global__distY,left_leg_global__distZ,right_leg_global__distX,right_leg_global__distY,right_global__leg_distZ,waist_head_global__distX,waist_head_global__distY,waist_head_global__distZ,label
-5.0,65.0,1.0,2.0,66.0,4.0,7.0,104.0,9.0,-11.0,103.0,2.0,-1.0,-67.0,41.0,5.0,1.0,5.0,2.0,1.0,2.0,7.0,1.0,7.0,11.0,0.0,11.0,1.0,0.0,1.0,-25.0,28.0,28.0,19.0,28.0,41.0,-16.0,103.0,39.0,8.0,103.0,43.0,-1.0,-67.0,41.0,25.0,1.0,25.0,19.0,1.0,19.0,16.0,1.0,16.0,8.0,0.0,8.0,1.0,0.0,1.0,8
-5.0,64.0,4.0,2.0,67.0,12.0,8.0,103.0,7.0,-10.0,103.0,0.0,0.0,-67.0,39.0,5.0,1.0,5.0,2.0,1.0,2.0,8.0,1.0,8.0,10.0,0.0,10.0,0.0,2.0,0.0,-25.0,27.0,33.0,19.0,29.0,45.0,-15.0,102.0,37.0,9.0,103.0,42.0,0.0,-67.0,39.0,25.0,0.0,25.0,19.0,1.0,19.0,15.0,0.0,15.0,9.0,1.0,9.0,0.0,2.0,0.0,8
-5.0,65.0,13.0,2.0,66.0,15.0,8.0,104.0,6.0,-9.0,103.0,3.0,0.0,-69.0,42.0,7.0,0.0,7.0,2.0,1.0,2.0,6.0,0.0,6.0,11.0,0.0,11.0,0.0,1.0,0.0,-25.0,27.0,40.0,19.0,28.0,48.0,-15.0,102.0,38.0,10.0,102.0,41.0,0.0,-69.0,42.0,27.0,0.0,27.0,19.0,1.0,19.0,17.0,0.0,17.0,8.0,1.0,8.0,0.0,1.0,0.0,8
-6.0,65.0,16.0,2.0,67.0,15.0,7.0,104.0,7.0,-10.0,103.0,-1.0,0.0,-68.0,39.0,10.0,0.0,10.0,2.0,2.0,2.0,7.0,0.0,7.0,14.0,0.0,14.0,2.0,0.0,2.0,-26.0,27.0,43.0,19.0,29.0,48.0,-16.0,102.0,37.0,9.0,103.0,40.0,0.0,-68.0,39.0,32.0,0.0,32.0,17.0,2.0,17.0,18.0,0.0,18.0,5.0,1.0,5.0,2.0,0.0,2.0,8
-8.0,65.0,28.0,2.0,65.0,30.0,7.0,104.0,8.0,-12.0,103.0,-3.0,-1.0,-68.0,39.0,8.0,1.0,8.0,2.0,0.0,2.0,7.0,1.0,7.0,12.0,1.0,12.0,3.0,0.0,3.0,-29.0,27.0,52.0,18.0,27.0,61.0,-17.0,102.0,37.0,7.0,102.0,39.0,-1.0,-68.0,39.0,29.0,1.0,29.0,14.0,0.0,14.0,17.0,0.0,17.0,7.0,1.0,7.0,3.0,0.0,3.0,8
-5.0,66.0,26.0,0.0,65.0,42.0,7.0,103.0,7.0,-12.0,104.0,-2.0,-2.0,-68.0,37.0,5.0,1.0,5.0,12.0,11.0,12.0,5.0,0.0,5.0,12.0,1.0,12.0,6.0,0.0,6.0,-26.0,28.0,48.0,16.0,27.0,73.0,-17.0,102.0,36.0,7.0,103.0,39.0,-2.0,-68.0,37.0,26.0,0.0,26.0,4.0,11.0,4.0,17.0,0.0,17.0,7.0,1.0,7.0,6.0,0.0,6.0,8
-3.0,65.0,26.0,-6.0,54.0,75.0,6.0,103.0,9.0,-12.0,103.0,-1.0,-4.0,-68.0,34.0,5.0,1.0,5.0,30.0,30.0,30.0,6.0,0.0,6.0,12.0,0.0,12.0,4.0,0.0,4.0,-24.0,28.0,50.0,10.0,16.0,106.0,-17.0,102.0,38.0,7.0,102.0,41.0,-4.0,-68.0,34.0,26.0,1.0,26.0,14.0,31.0,14.0,17.0,0.0,17.0,7.0,1.0,7.0,4.0,0.0,4.0,8
-4.0,66.0,25.0,-18.0,24.0,95.0,7.0,103.0,4.0,-12.0,103.0,2.0,-1.0,-68.0,35.0,4.0,0.0,4.0,24.0,18.0,24.0,7.0,0.0,7.0,12.0,0.0,12.0,7.0,1.0,7.0,-25.0,29.0,48.0,-2.0,-15.0,125.0,-16.0,102.0,36.0,8.0,103.0,41.0,-1.0,-68.0,35.0,25.0,1.0,25.0,8.0,17.0,8.0,16.0,1.0,16.0,8.0,0.0,8.0,7.0,1.0,7.0,8
-4.0,66.0,23.0,-21.0,6.0,95.0,7.0,103.0,4.0,-11.0,103.0,3.0,-4.0,-67.0,36.0,6.0,1.0,6.0,29.0,15.0,29.0,5.0,0.0,5.0,13.0,0.0,13.0,6.0,0.0,6.0,-25.0,30.0,47.0,-5.0,-32.0,123.0,-16.0,103.0,37.0,9.0,103.0,41.0,-4.0,-67.0,36.0,27.0,1.0,27.0,13.0,15.0,13.0,18.0,1.0,18.0,5.0,0.0,5.0,6.0,0.0,6.0,8
-5.0,65.0,19.0,-25.0,-9.0,81.0,6.0,103.0,5.0,-12.0,103.0,3.0,-5.0,-67.0,38.0,5.0,0.0,5.0,25.0,4.0,25.0,4.0,0.0,4.0,16.0,0.0,16.0,7.0,0.0,7.0,-26.0,29.0,47.0,-9.0,-47.0,111.0,-17.0,102.0,38.0,7.0,103.0,42.0,-5.0,-67.0,38.0,26.0,0.0,26.0,9.0,4.0,9.0,21.0,0.0,21.0,3.0,0.0,3.0,7.0,0.0,7.0,8
-5.0,65.0,18.0,-25.0,-13.0,75.0,5.0,103.0,7.0,-14.0,103.0,-1.0,-6.0,-67.0,40.0,7.0,0.0,7.0,27.0,5.0,27.0,5.0,0.0,5.0,14.0,0.0,14.0,6.0,1.0,6.0,-26.0,29.0,43.0,-9.0,-51.0,108.0,-19.0,102.0,37.0,5.0,103.0,41.0,-6.0,-67.0,40.0,26.0,0.0,26.0,9.0,5.0,9.0,19.0,0.0,19.0,5.0,0.0,5.0,6.0,1.0,6.0,8
-6.0,65.0,15.0,-26.0,-8.0,86.0,6.0,103.0,7.0,-13.0,103.0,2.0,-5.0,-68.0,40.0,6.0,0.0,6.0,26.0,24.0,26.0,2.0,0.0,2.0,15.0,0.0,15.0,11.0,1.0,11.0,-26.0,29.0,39.0,-9.0,-46.0,119.0,-17.0,102.0,38.0,7.0,103.0,42.0,-5.0,-68.0,40.0,26.0,0.0,26.0,9.0,23.0,9.0,23.0,0.0,23.0,1.0,0.0,1.0,11.0,1.0,11.0,8
-4.0,65.0,25.0,-21.0,16.0,104.0,4.0,103.0,12.0,-14.0,103.0,-3.0,-8.0,-67.0,38.0,4.0,1.0,4.0,21.0,8.0,21.0,4.0,0.0,4.0,14.0,0.0,14.0,8.0,2.0,8.0,-26.0,29.0,42.0,-7.0,-23.0,137.0,-20.0,102.0,38.0,4.0,103.0,42.0,-8.0,-67.0,38.0,26.0,1.0,26.0,7.0,7.0,7.0,20.0,0.0,20.0,4.0,1.0,4.0,8.0,2.0,8.0,8
-3.0,64.0,14.0,-11.0,24.0,106.0,4.0,103.0,12.0,-14.0,103.0,-4.0,-8.0,-69.0,39.0,7.0,1.0,7.0,11.0,28.0,11.0,4.0,0.0,4.0,14.0,0.0,14.0,8.0,1.0,8.0,-26.0,28.0,31.0,2.0,-16.0,139.0,-20.0,102.0,37.0,4.0,102.0,40.0,-8.0,-69.0,39.0,26.0,1.0,26.0,2.0,27.0,2.0,20.0,0.0,20.0,4.0,1.0,4.0,8.0,1.0,8.0,8
-5.0,65.0,12.0,-8.0,-4.0,122.0,6.0,103.0,6.0,-12.0,103.0,0.0,-7.0,-68.0,36.0,7.0,0.0,7.0,8.0,26.0,8.0,6.0,0.0,6.0,12.0,0.0,12.0,7.0,1.0,7.0,-26.0,29.0,35.0,8.0,-43.0,153.0,-17.0,102.0,37.0,7.0,103.0,40.0,-7.0,-68.0,36.0,26.0,0.0,26.0,8.0,24.0,8.0,17.0,0.0,17.0,7.0,1.0,7.0,7.0,1.0,7.0,8
-6.0,65.0,13.0,-5.0,-30.0,114.0,6.0,103.0,4.0,-12.0,103.0,-2.0,-7.0,-67.0,38.0,8.0,0.0,8.0,5.0,15.0,5.0,6.0,1.0,6.0,14.0,0.0,14.0,7.0,0.0,7.0,-26.0,29.0,35.0,12.0,-67.0,141.0,-17.0,102.0,35.0,7.0,104.0,38.0,-7.0,-67.0,38.0,26.0,0.0,26.0,12.0,15.0,12.0,17.0,0.0,17.0,7.0,0.0,7.0,7.0,0.0,7.0,8
-7.0,65.0,17.0,0.0,-45.0,74.0,7.0,104.0,1.0,-13.0,103.0,2.0,-6.0,-67.0,42.0,7.0,1.0,7.0,0.0,2.0,0.0,7.0,1.0,7.0,13.0,1.0,13.0,6.0,0.0,6.0,-26.0,29.0,42.0,18.0,-82.0,100.0,-15.0,102.0,36.0,8.0,104.0,39.0,-6.0,-67.0,42.0,26.0,1.0,26.0,18.0,1.0,18.0,15.0,0.0,15.0,8.0,0.0,8.0,6.0,0.0,6.0,8
-6.0,66.0,16.0,3.0,-47.0,62.0,7.0,103.0,-1.0,-12.0,102.0,3.0,-6.0,-67.0,42.0,6.0,0.0,6.0,3.0,2.0,3.0,7.0,1.0,7.0,14.0,2.0,14.0,6.0,1.0,6.0,-26.0,30.0,41.0,21.0,-83.0,87.0,-15.0,102.0,34.0,9.0,104.0,39.0,-6.0,-67.0,42.0,26.0,1.0,26.0,21.0,1.0,21.0,15.0,0.0,15.0,7.0,0.0,7.0,6.0,1.0,6.0,8
-5.0,66.0,17.0,3.0,-45.0,67.0,7.0,104.0,-1.0,-13.0,104.0,2.0,-4.0,-68.0,40.0,5.0,1.0,5.0,3.0,12.0,3.0,7.0,1.0,7.0,13.0,0.0,13.0,4.0,0.0,4.0,-25.0,29.0,43.0,21.0,-82.0,92.0,-15.0,102.0,34.0,8.0,104.0,39.0,-4.0,-68.0,40.0,25.0,1.0,25.0,19.0,12.0,19.0,15.0,0.0,15.0,8.0,0.0,8.0,4.0,0.0,4.0,8
-4.0,67.0,18.0,3.0,-33.0,93.0,7.0,103.0,-1.0,-12.0,104.0,1.0,-3.0,-68.0,37.0,6.0,1.0,6.0,3.0,15.0,3.0,7.0,0.0,7.0,12.0,0.0,12.0,3.0,0.0,3.0,-25.0,30.0,45.0,20.0,-70.0,117.0,-15.0,102.0,34.0,9.0,104.0,37.0,-3.0,-68.0,37.0,25.0,1.0,25.0,20.0,15.0,20.0,15.0,0.0,15.0,9.0,0.0,9.0,3.0,0.0,3.0,8
-5.0,66.0,20.0,3.0,-18.0,112.0,9.0,103.0,-2.0,-11.0,104.0,4.0,-1.0,-68.0,40.0,5.0,1.0,5.0,1.0,33.0,1.0,9.0,0.0,9.0,11.0,1.0,11.0,7.0,0.0,7.0,-24.0,29.0,47.0,21.0,-55.0,135.0,-13.0,102.0,35.0,10.0,104.0,39.0,-1.0,-68.0,40.0,24.0,0.0,24.0,19.0,32.0,19.0,13.0,0.0,13.0,10.0,1.0,10.0,7.0,0.0,7.0,8
-4.0,65.0,25.0,2.0,15.0,124.0,9.0,103.0,-3.0,-10.0,103.0,6.0,-4.0,-68.0,41.0,4.0,0.0,4.0,2.0,43.0,2.0,5.0,0.0,5.0,14.0,0.0,14.0,4.0,1.0,4.0,-24.0,29.0,52.0,20.0,-23.0,149.0,-13.0,102.0,35.0,11.0,103.0,39.0,-4.0,-68.0,41.0,26.0,1.0,26.0,20.0,42.0,20.0,19.0,0.0,19.0,5.0,1.0,5.0,4.0,1.0,4.0,8
-3.0,65.0,19.0,7.0,58.0,71.0,7.0,103.0,3.0,-12.0,103.0,0.0,-4.0,-69.0,38.0,3.0,1.0,3.0,3.0,8.0,3.0,7.0,1.0,7.0,12.0,1.0,12.0,4.0,0.0,4.0,-25.0,28.0,43.0,22.0,19.0,103.0,-16.0,102.0,35.0,8.0,102.0,40.0,-4.0,-69.0,38.0,25.0,1.0,25.0,18.0,9.0,18.0,18.0,0.0,18.0,6.0,1.0,6.0,4.0,0.0,4.0,8
-3.0,66.0,23.0,5.0,66.0,31.0,7.0,102.0,8.0,-12.0,104.0,-3.0,-4.0,-69.0,39.0,5.0,0.0,5.0,5.0,0.0,5.0,7.0,1.0,7.0,12.0,1.0,12.0,4.0,3.0,4.0,-25.0,29.0,47.0,20.0,28.0,63.0,-17.0,102.0,36.0,7.0,103.0,40.0,-4.0,-69.0,39.0,25.0,1.0,25.0,20.0,1.0,20.0,17.0,0.0,17.0,7.0,1.0,7.0,4.0,3.0,4.0,8
-4.0,66.0,18.0,6.0,66.0,3.0,7.0,103.0,6.0,-11.0,103.0,-1.0,-3.0,-66.0,37.0,8.0,1.0,8.0,0.0,0.0,0.0,7.0,0.0,7.0,11.0,0.0,11.0,3.0,2.0,3.0,-24.0,28.0,41.0,23.0,27.0,36.0,-16.0,102.0,35.0,8.0,102.0,40.0,-3.0,-66.0,37.0,28.0,0.0,28.0,17.0,1.0,17.0,16.0,0.0,16.0,8.0,1.0,8.0,3.0,2.0,3.0,8
-6.0,65.0,2.0,3.0,66.0,8.0,9.0,103.0,4.0,-10.0,103.0,3.0,-1.0,-68.0,42.0,-6.0,65.0,-6.0,3.0,66.0,3.0,9.0,103.0,9.0,-10.0,103.0,-10.0,-1.0,-68.0,-1.0,-26.0,28.0,29.0,20.0,28.0,39.0,-15.0,102.0,35.0,9.0,103.0,42.0,-1.0,-68.0,42.0,-26.0,28.0,-26.0,20.0,28.0,20.0,-15.0,102.0,-15.0,9.0,103.0,9.0,-1.0,-68.0,-1.0,8
