left_arm_local_X,left_arm_local_Y,left_arm_local_Z,right_arm_local_X,right_arm_local_Y,right_arm_local_Z,left_leg_local_X,left_leg_local_Y,left_leg_local_Z,right_leg_local_X,right_leg_local_Y,right_leg_local_Z,waist_head_local_X,waist_head_local_Y,waist_head_local_Z,left_arm_local_distX,left_arm_local__distY,left_arm_local__distZ,right_arm_local__distX,right_arm_local__distY,right_arm_local__distZ,left_leg_local__distX,left_leg_local__distY,left_leg_local__distZ,right_leg_local__distX,right_leg_local__distY,right_leg_local__distZ,waist_head_local__distX,waist_head_local__distY,waist_head_local__distZ,left_arm_global_X,left_arm_global_Y,left_arm_global_Z,right_arm_global_X,right_arm_global_Y,right_arm_global_Z,left_leg_global_X,left_leg_global_Y,left_leg_global_Z,right_leg_global_X,right_leg_global_Y,right_leg_global_Z,waist_head_global_X,waist_head_global_Y,waist_head_global_Z,left_arm_global_distX,left_arm_global__distY,left_arm_global__distZ,right_arm_global__distX,right_arm_global__distY,right_arm_global__distZ,left_leg_global__distX,left_leg_global__distY,left_leg_global__distZ,right_leg_global__distX,right_leg_global__distY,right_global__leg_distZ,waist_head_global__distX,waist_head_global__distY,waist_head_global__distZ,label
-7.0,66.0,15.0,-1.0,65.0,15.0,-8.0,112.0,14.0,-7.0,112.0,7.0,3.0,-73.0,54.0,7.0,0.0,7.0,1.0,0.0,1.0,10.0,0.0,10.0,7.0,0.0,7.0,3.0,1.0,3.0,-25.0,27.0,38.0,19.0,28.0,38.0,-24.0,114.0,45.0,7.0,114.0,39.0,3.0,-73.0,54.0,25.0,1.0,25.0,19.0,1.0,19.0,26.0,1.0,26.0,7.0,1.0,7.0,3.0,1.0,3.0,10
-6.0,66.0,15.0,-1.0,65.0,14.0,-9.0,112.0,19.0,-7.0,112.0,9.0,4.0,-74.0,57.0,8.0,0.0,8.0,1.0,0.0,1.0,9.0,1.0,9.0,9.0,0.0,9.0,2.0,0.0,2.0,-24.0,26.0,40.0,19.0,27.0,39.0,-25.0,113.0,50.0,7.0,113.0,41.0,4.0,-74.0,57.0,26.0,0.0,26.0,19.0,0.0,19.0,25.0,1.0,25.0,5.0,0.0,5.0,2.0,0.0,2.0,10
-7.0,66.0,8.0,0.0,65.0,10.0,-9.0,111.0,16.0,-8.0,112.0,12.0,3.0,-74.0,61.0,7.0,1.0,7.0,0.0,0.0,0.0,11.0,0.0,11.0,8.0,0.0,8.0,3.0,0.0,3.0,-25.0,26.0,36.0,20.0,27.0,38.0,-25.0,112.0,47.0,6.0,113.0,44.0,3.0,-74.0,61.0,25.0,1.0,25.0,20.0,0.0,20.0,27.0,1.0,27.0,6.0,0.0,6.0,3.0,0.0,3.0,10
-7.0,65.0,5.0,1.0,65.0,8.0,-10.0,111.0,22.0,-8.0,112.0,11.0,4.0,-74.0,62.0,7.0,0.0,7.0,1.0,0.0,1.0,12.0,0.0,12.0,10.0,0.0,10.0,2.0,0.0,2.0,-25.0,25.0,32.0,21.0,27.0,36.0,-26.0,113.0,53.0,6.0,113.0,43.0,4.0,-74.0,62.0,27.0,0.0,27.0,21.0,1.0,21.0,28.0,1.0,28.0,4.0,0.0,4.0,2.0,0.0,2.0,10
-7.0,65.0,1.0,3.0,65.0,3.0,-11.0,111.0,21.0,-9.0,112.0,13.0,3.0,-74.0,64.0,11.0,1.0,11.0,3.0,1.0,3.0,11.0,0.0,11.0,9.0,0.0,9.0,3.0,0.0,3.0,-26.0,25.0,29.0,22.0,26.0,32.0,-27.0,112.0,51.0,5.0,113.0,44.0,3.0,-74.0,64.0,28.0,0.0,28.0,22.0,0.0,22.0,27.0,0.0,27.0,5.0,0.0,5.0,3.0,0.0,3.0,10
-9.0,64.0,-3.0,6.0,64.0,-8.0,-11.0,111.0,17.0,-9.0,112.0,12.0,3.0,-74.0,64.0,17.0,0.0,17.0,6.0,1.0,6.0,11.0,0.0,11.0,9.0,1.0,9.0,1.0,1.0,1.0,-27.0,25.0,24.0,26.0,26.0,21.0,-27.0,112.0,47.0,5.0,113.0,44.0,3.0,-74.0,64.0,35.0,0.0,35.0,26.0,1.0,26.0,27.0,1.0,27.0,5.0,1.0,5.0,1.0,1.0,1.0,10
-13.0,64.0,-9.0,11.0,63.0,-13.0,-11.0,111.0,21.0,-9.0,111.0,10.0,2.0,-73.0,62.0,17.0,3.0,17.0,11.0,3.0,11.0,11.0,0.0,11.0,9.0,1.0,9.0,2.0,1.0,2.0,-31.0,25.0,17.0,31.0,27.0,15.0,-27.0,113.0,51.0,5.0,114.0,42.0,2.0,-73.0,62.0,35.0,2.0,35.0,31.0,3.0,31.0,27.0,0.0,27.0,5.0,0.0,5.0,2.0,1.0,2.0,10
-15.0,61.0,-27.0,19.0,60.0,-24.0,-10.0,111.0,18.0,-7.0,112.0,9.0,2.0,-72.0,63.0,35.0,5.0,35.0,19.0,6.0,19.0,10.0,1.0,10.0,7.0,0.0,7.0,2.0,1.0,2.0,-33.0,23.0,-1.0,40.0,24.0,3.0,-26.0,113.0,49.0,7.0,114.0,41.0,2.0,-72.0,63.0,51.0,5.0,51.0,40.0,7.0,40.0,26.0,0.0,26.0,7.0,0.0,7.0,2.0,1.0,2.0,10
-25.0,56.0,-44.0,30.0,54.0,-43.0,-8.0,110.0,11.0,-7.0,112.0,8.0,3.0,-73.0,57.0,37.0,5.0,37.0,30.0,5.0,30.0,8.0,1.0,8.0,7.0,0.0,7.0,3.0,0.0,3.0,-42.0,18.0,-21.0,51.0,17.0,-18.0,-23.0,113.0,44.0,9.0,114.0,38.0,3.0,-73.0,57.0,56.0,5.0,56.0,51.0,6.0,51.0,23.0,1.0,23.0,9.0,0.0,9.0,3.0,0.0,3.0,10
-31.0,51.0,-48.0,37.0,49.0,-44.0,-7.0,111.0,12.0,-5.0,112.0,7.0,3.0,-73.0,59.0,43.0,6.0,43.0,37.0,7.0,37.0,7.0,1.0,7.0,5.0,0.0,5.0,3.0,0.0,3.0,-49.0,13.0,-25.0,57.0,11.0,-21.0,-22.0,114.0,45.0,10.0,114.0,36.0,3.0,-73.0,59.0,61.0,6.0,61.0,57.0,7.0,57.0,22.0,0.0,22.0,10.0,0.0,10.0,3.0,0.0,3.0,10
-37.0,45.0,-50.0,46.0,42.0,-29.0,-6.0,112.0,13.0,-5.0,112.0,6.0,4.0,-73.0,54.0,61.0,6.0,61.0,46.0,6.0,46.0,6.0,0.0,6.0,5.0,0.0,5.0,2.0,0.0,2.0,-55.0,7.0,-30.0,66.0,4.0,-8.0,-21.0,114.0,45.0,10.0,114.0,35.0,4.0,-73.0,54.0,79.0,7.0,79.0,66.0,6.0,66.0,21.0,0.0,21.0,10.0,0.0,10.0,2.0,0.0,2.0,10
-49.0,39.0,-25.0,55.0,36.0,-6.0,-6.0,112.0,11.0,-4.0,112.0,6.0,3.0,-73.0,52.0,61.0,5.0,61.0,55.0,5.0,55.0,6.0,0.0,6.0,4.0,0.0,4.0,1.0,1.0,1.0,-67.0,0.0,-6.0,75.0,-2.0,14.0,-21.0,114.0,43.0,11.0,114.0,36.0,3.0,-73.0,52.0,81.0,4.0,81.0,75.0,5.0,75.0,21.0,0.0,21.0,11.0,0.0,11.0,1.0,1.0,1.0,10
-55.0,34.0,0.0,59.0,31.0,29.0,-5.0,112.0,10.0,-4.0,112.0,7.0,2.0,-74.0,48.0,69.0,4.0,69.0,59.0,4.0,59.0,7.0,0.0,7.0,6.0,0.0,6.0,2.0,0.0,2.0,-74.0,-4.0,17.0,78.0,-7.0,50.0,-21.0,114.0,42.0,11.0,114.0,37.0,2.0,-74.0,48.0,88.0,4.0,88.0,76.0,4.0,76.0,23.0,0.0,23.0,9.0,0.0,9.0,2.0,0.0,2.0,10
-62.0,30.0,41.0,59.0,27.0,64.0,-6.0,112.0,12.0,-5.0,112.0,7.0,2.0,-74.0,47.0,62.0,5.0,62.0,31.0,5.0,31.0,6.0,0.0,6.0,5.0,0.0,5.0,2.0,0.0,2.0,-81.0,-8.0,57.0,77.0,-11.0,85.0,-22.0,114.0,42.0,10.0,114.0,38.0,2.0,-74.0,47.0,81.0,5.0,81.0,49.0,5.0,49.0,22.0,0.0,22.0,8.0,0.0,8.0,2.0,0.0,2.0,10
-59.0,25.0,90.0,45.0,22.0,117.0,-6.0,112.0,15.0,-5.0,112.0,10.0,0.0,-74.0,41.0,59.0,4.0,59.0,5.0,4.0,5.0,6.0,0.0,6.0,5.0,1.0,5.0,0.0,0.0,0.0,-79.0,-13.0,107.0,63.0,-16.0,139.0,-22.0,114.0,45.0,9.0,114.0,41.0,0.0,-74.0,41.0,79.0,4.0,79.0,25.0,4.0,25.0,22.0,1.0,22.0,9.0,0.0,9.0,0.0,0.0,0.0,10
-50.0,21.0,117.0,25.0,18.0,139.0,-4.0,112.0,9.0,-3.0,113.0,10.0,0.0,-74.0,39.0,50.0,0.0,50.0,13.0,2.0,13.0,4.0,0.0,4.0,3.0,0.0,3.0,0.0,1.0,0.0,-69.0,-17.0,134.0,44.0,-20.0,159.0,-20.0,113.0,41.0,11.0,114.0,40.0,0.0,-74.0,39.0,69.0,0.0,69.0,8.0,3.0,8.0,20.0,1.0,20.0,11.0,1.0,11.0,0.0,1.0,0.0,10
-35.0,21.0,135.0,6.0,20.0,143.0,-4.0,112.0,12.0,-3.0,113.0,11.0,0.0,-73.0,37.0,35.0,5.0,35.0,58.0,0.0,58.0,10.0,0.0,10.0,9.0,1.0,9.0,4.0,1.0,4.0,-53.0,-17.0,152.0,26.0,-17.0,160.0,-20.0,114.0,44.0,11.0,115.0,41.0,0.0,-73.0,37.0,53.0,4.0,53.0,48.0,2.0,48.0,30.0,1.0,30.0,1.0,2.0,1.0,4.0,1.0,4.0,10
-9.0,16.0,144.0,-26.0,20.0,135.0,-7.0,112.0,18.0,-6.0,112.0,6.0,-2.0,-74.0,37.0,9.0,2.0,9.0,36.0,5.0,36.0,7.0,1.0,7.0,6.0,1.0,6.0,2.0,1.0,2.0,-31.0,-21.0,154.0,-11.0,-19.0,164.0,-25.0,113.0,42.0,6.0,113.0,42.0,-2.0,-74.0,37.0,31.0,2.0,31.0,23.0,6.0,23.0,25.0,0.0,25.0,6.0,0.0,6.0,2.0,1.0,2.0,10
2.0,18.0,143.0,-31.0,15.0,132.0,-6.0,113.0,18.0,-5.0,111.0,5.0,-2.0,-75.0,39.0,2.0,2.0,2.0,31.0,8.0,31.0,6.0,2.0,6.0,5.0,1.0,5.0,4.0,1.0,4.0,-21.0,-19.0,161.0,-17.0,-25.0,163.0,-23.0,113.0,45.0,8.0,113.0,40.0,-2.0,-75.0,39.0,21.0,0.0,21.0,17.0,7.0,17.0,23.0,0.0,23.0,8.0,1.0,8.0,4.0,1.0,4.0,10
3.0,16.0,144.0,-26.0,23.0,133.0,-5.0,111.0,9.0,-4.0,112.0,3.0,-3.0,-74.0,38.0,21.0,6.0,21.0,26.0,6.0,26.0,5.0,1.0,5.0,4.0,0.0,4.0,3.0,0.0,3.0,-20.0,-19.0,158.0,-12.0,-18.0,156.0,-22.0,113.0,37.0,9.0,114.0,37.0,-3.0,-74.0,38.0,46.0,5.0,46.0,12.0,6.0,12.0,24.0,0.0,24.0,7.0,1.0,7.0,3.0,0.0,3.0,10
-9.0,22.0,143.0,-13.0,29.0,133.0,-5.0,112.0,17.0,-4.0,112.0,4.0,-3.0,-74.0,42.0,37.0,8.0,37.0,13.0,5.0,13.0,5.0,0.0,5.0,4.0,0.0,4.0,3.0,0.0,3.0,-33.0,-14.0,156.0,0.0,-12.0,160.0,-23.0,113.0,43.0,8.0,113.0,40.0,-3.0,-74.0,42.0,55.0,6.0,55.0,0.0,7.0,0.0,23.0,0.0,23.0,8.0,1.0,8.0,3.0,0.0,3.0,10
-23.0,30.0,132.0,1.0,34.0,130.0,-4.0,112.0,15.0,-3.0,112.0,5.0,-1.0,-74.0,43.0,45.0,8.0,45.0,1.0,7.0,1.0,8.0,0.0,8.0,7.0,1.0,7.0,3.0,1.0,3.0,-44.0,-8.0,145.0,17.0,-5.0,155.0,-21.0,113.0,41.0,9.0,114.0,41.0,-1.0,-74.0,43.0,66.0,7.0,66.0,17.0,7.0,17.0,27.0,0.0,27.0,5.0,1.0,5.0,3.0,1.0,3.0,10
-34.0,38.0,112.0,15.0,41.0,119.0,-6.0,112.0,19.0,-5.0,111.0,4.0,-2.0,-75.0,44.0,44.0,13.0,44.0,15.0,12.0,15.0,6.0,0.0,6.0,5.0,2.0,5.0,2.0,1.0,2.0,-55.0,-1.0,128.0,31.0,2.0,146.0,-24.0,113.0,44.0,7.0,113.0,41.0,-2.0,-75.0,44.0,63.0,14.0,63.0,31.0,13.0,31.0,24.0,1.0,24.0,7.0,2.0,7.0,2.0,1.0,2.0,10
-39.0,51.0,68.0,31.0,53.0,76.0,-4.0,112.0,12.0,-3.0,113.0,4.0,-1.0,-74.0,45.0,39.0,7.0,39.0,31.0,4.0,31.0,4.0,0.0,4.0,3.0,0.0,3.0,1.0,0.0,1.0,-59.0,13.0,82.0,48.0,15.0,98.0,-21.0,114.0,40.0,10.0,115.0,38.0,-1.0,-74.0,45.0,59.0,6.0,59.0,48.0,4.0,48.0,21.0,1.0,21.0,10.0,1.0,10.0,1.0,0.0,1.0,10
-33.0,58.0,26.0,32.0,57.0,30.0,-4.0,112.0,8.0,-3.0,113.0,4.0,2.0,-74.0,45.0,33.0,3.0,33.0,24.0,4.0,24.0,4.0,0.0,4.0,3.0,1.0,3.0,0.0,1.0,0.0,-53.0,19.0,43.0,50.0,19.0,52.0,-20.0,113.0,37.0,11.0,114.0,37.0,2.0,-74.0,45.0,53.0,2.0,53.0,42.0,2.0,42.0,20.0,0.0,20.0,11.0,1.0,11.0,0.0,1.0,0.0,10
-23.0,61.0,-9.0,28.0,61.0,10.0,-3.0,112.0,6.0,-3.0,112.0,5.0,1.0,-75.0,46.0,23.0,1.0,23.0,2.0,3.0,2.0,3.0,0.0,3.0,3.0,0.0,3.0,1.0,0.0,1.0,-44.0,21.0,11.0,46.0,21.0,33.0,-20.0,113.0,36.0,11.0,113.0,37.0,1.0,-75.0,46.0,44.0,1.0,44.0,20.0,4.0,20.0,20.0,0.0,20.0,11.0,0.0,11.0,1.0,0.0,1.0,10
-9.0,62.0,-37.0,15.0,64.0,-23.0,-3.0,112.0,4.0,-3.0,112.0,5.0,3.0,-75.0,51.0,9.0,1.0,9.0,9.0,0.0,9.0,3.0,2.0,3.0,3.0,0.0,3.0,1.0,1.0,1.0,-29.0,22.0,-13.0,33.0,25.0,-1.0,-19.0,113.0,35.0,11.0,113.0,36.0,3.0,-75.0,51.0,29.0,0.0,29.0,13.0,1.0,13.0,19.0,1.0,19.0,11.0,0.0,11.0,1.0,1.0,1.0,10
-7.0,63.0,-38.0,3.0,64.0,-23.0,-3.0,114.0,12.0,-3.0,112.0,5.0,2.0,-76.0,52.0,7.0,1.0,7.0,3.0,0.0,3.0,7.0,1.0,7.0,5.0,1.0,5.0,0.0,1.0,0.0,-26.0,22.0,-12.0,23.0,26.0,-1.0,-19.0,114.0,44.0,12.0,113.0,35.0,2.0,-76.0,52.0,28.0,1.0,28.0,23.0,0.0,23.0,23.0,0.0,23.0,8.0,0.0,8.0,0.0,1.0,0.0,10
-7.0,64.0,-25.0,6.0,64.0,-19.0,-5.0,113.0,10.0,-4.0,111.0,3.0,1.0,-75.0,55.0,-7.0,64.0,-7.0,6.0,64.0,6.0,-5.0,113.0,-5.0,-4.0,111.0,-4.0,1.0,-75.0,1.0,-27.0,23.0,1.0,25.0,26.0,2.0,-21.0,114.0,41.0,10.0,113.0,34.0,1.0,-75.0,55.0,-27.0,23.0,-27.0,25.0,26.0,25.0,-21.0,114.0,-21.0,10.0,113.0,10.0,1.0,-75.0,1.0,10
