left_arm_local_X,left_arm_local_Y,left_arm_local_Z,right_arm_local_X,right_arm_local_Y,right_arm_local_Z,left_leg_local_X,left_leg_local_Y,left_leg_local_Z,right_leg_local_X,right_leg_local_Y,right_leg_local_Z,waist_head_local_X,waist_head_local_Y,waist_head_local_Z,left_arm_local_distX,left_arm_local__distY,left_arm_local__distZ,right_arm_local__distX,right_arm_local__distY,right_arm_local__distZ,left_leg_local__distX,left_leg_local__distY,left_leg_local__distZ,right_leg_local__distX,right_leg_local__distY,right_leg_local__distZ,waist_head_local__distX,waist_head_local__distY,waist_head_local__distZ,left_arm_global_X,left_arm_global_Y,left_arm_global_Z,right_arm_global_X,right_arm_global_Y,right_arm_global_Z,left_leg_global_X,left_leg_global_Y,left_leg_global_Z,right_leg_global_X,right_leg_global_Y,right_leg_global_Z,waist_head_global_X,waist_head_global_Y,waist_head_global_Z,left_arm_global_distX,left_arm_global__distY,left_arm_global__distZ,right_arm_global__distX,right_arm_global__distY,right_arm_global__distZ,left_leg_global__distX,left_leg_global__distY,left_leg_global__distZ,right_leg_global__distX,right_leg_global__distY,right_global__leg_distZ,waist_head_global__distX,waist_head_global__distY,waist_head_global__distZ,label
-8.0,70.0,29.0,14.0,69.0,36.0,8.0,108.0,11.0,-11.0,108.0,8.0,-5.0,-73.0,58.0,8.0,1.0,8.0,8.0,0.0,8.0,8.0,1.0,8.0,11.0,0.0,11.0,5.0,1.0,5.0,-31.0,33.0,51.0,32.0,30.0,62.0,-17.0,110.0,42.0,12.0,108.0,37.0,-5.0,-73.0,58.0,31.0,0.0,31.0,26.0,0.0,26.0,17.0,1.0,17.0,12.0,0.0,12.0,5.0,1.0,5.0,10
-8.0,71.0,28.0,11.0,69.0,29.0,9.0,107.0,10.0,-11.0,108.0,7.0,-5.0,-74.0,57.0,8.0,0.0,8.0,11.0,0.0,11.0,5.0,1.0,5.0,17.0,0.0,17.0,5.0,1.0,5.0,-31.0,33.0,50.0,29.0,30.0,54.0,-16.0,109.0,41.0,12.0,108.0,36.0,-5.0,-74.0,57.0,33.0,1.0,33.0,29.0,1.0,29.0,22.0,0.0,22.0,4.0,1.0,4.0,5.0,1.0,5.0,10
-8.0,71.0,29.0,12.0,69.0,28.0,7.0,108.0,15.0,-14.0,108.0,2.0,-5.0,-75.0,57.0,8.0,1.0,8.0,10.0,0.0,10.0,7.0,1.0,7.0,14.0,0.0,14.0,5.0,0.0,5.0,-32.0,32.0,51.0,29.0,29.0,56.0,-19.0,109.0,43.0,8.0,107.0,34.0,-5.0,-75.0,57.0,32.0,0.0,32.0,29.0,0.0,29.0,19.0,0.0,19.0,8.0,0.0,8.0,5.0,0.0,5.0,10
-8.0,70.0,27.0,11.0,69.0,36.0,8.0,107.0,14.0,-13.0,108.0,1.0,-4.0,-75.0,58.0,8.0,1.0,8.0,11.0,0.0,11.0,8.0,0.0,8.0,13.0,0.0,13.0,6.0,1.0,6.0,-31.0,32.0,49.0,29.0,29.0,63.0,-18.0,109.0,42.0,10.0,107.0,34.0,-4.0,-75.0,58.0,31.0,1.0,31.0,29.0,1.0,29.0,18.0,0.0,18.0,10.0,1.0,10.0,6.0,1.0,6.0,10
-8.0,71.0,25.0,11.0,69.0,39.0,8.0,107.0,13.0,-13.0,108.0,4.0,-5.0,-74.0,58.0,10.0,0.0,10.0,9.0,1.0,9.0,8.0,1.0,8.0,13.0,0.0,13.0,5.0,0.0,5.0,-31.0,33.0,46.0,29.0,30.0,66.0,-18.0,109.0,40.0,10.0,108.0,36.0,-5.0,-74.0,58.0,33.0,1.0,33.0,27.0,2.0,27.0,18.0,0.0,18.0,10.0,1.0,10.0,5.0,0.0,5.0,10
-9.0,71.0,33.0,10.0,68.0,42.0,9.0,108.0,12.0,-13.0,108.0,4.0,-5.0,-74.0,60.0,9.0,1.0,9.0,10.0,1.0,10.0,9.0,0.0,9.0,13.0,0.0,13.0,5.0,1.0,5.0,-32.0,32.0,54.0,28.0,28.0,70.0,-17.0,109.0,42.0,10.0,107.0,35.0,-5.0,-74.0,60.0,32.0,1.0,32.0,28.0,1.0,28.0,17.0,0.0,17.0,10.0,0.0,10.0,5.0,1.0,5.0,10
-9.0,70.0,22.0,10.0,67.0,50.0,10.0,108.0,12.0,-12.0,108.0,6.0,-3.0,-75.0,60.0,9.0,1.0,9.0,10.0,3.0,10.0,10.0,0.0,10.0,14.0,0.0,14.0,3.0,2.0,3.0,-31.0,31.0,45.0,29.0,27.0,79.0,-15.0,109.0,42.0,12.0,107.0,36.0,-3.0,-75.0,60.0,31.0,1.0,31.0,29.0,2.0,29.0,15.0,1.0,15.0,10.0,1.0,10.0,3.0,2.0,3.0,10
-9.0,69.0,35.0,12.0,64.0,59.0,10.0,108.0,10.0,-13.0,108.0,4.0,-3.0,-73.0,58.0,13.0,1.0,13.0,10.0,6.0,10.0,10.0,1.0,10.0,13.0,0.0,13.0,3.0,1.0,3.0,-31.0,32.0,56.0,31.0,25.0,85.0,-15.0,110.0,41.0,11.0,108.0,33.0,-3.0,-73.0,58.0,35.0,2.0,35.0,29.0,6.0,29.0,15.0,1.0,15.0,11.0,1.0,11.0,3.0,1.0,3.0,10
-11.0,68.0,48.0,11.0,58.0,77.0,10.0,107.0,6.0,-12.0,108.0,6.0,-3.0,-74.0,59.0,11.0,2.0,11.0,1.0,6.0,1.0,10.0,1.0,10.0,12.0,0.0,12.0,5.0,1.0,5.0,-33.0,30.0,70.0,30.0,19.0,102.0,-15.0,109.0,38.0,12.0,107.0,35.0,-3.0,-74.0,59.0,35.0,2.0,35.0,18.0,6.0,18.0,17.0,0.0,17.0,10.0,1.0,10.0,5.0,1.0,5.0,10
-11.0,66.0,59.0,6.0,52.0,86.0,10.0,108.0,11.0,-12.0,108.0,6.0,-4.0,-73.0,58.0,11.0,2.0,11.0,6.0,6.0,6.0,8.0,1.0,8.0,16.0,0.0,16.0,4.0,0.0,4.0,-34.0,28.0,80.0,24.0,13.0,111.0,-16.0,109.0,40.0,11.0,108.0,37.0,-4.0,-73.0,58.0,34.0,2.0,34.0,24.0,6.0,24.0,18.0,0.0,18.0,7.0,0.0,7.0,4.0,0.0,4.0,10
-8.0,64.0,76.0,7.0,46.0,89.0,9.0,107.0,10.0,-14.0,108.0,7.0,-4.0,-73.0,57.0,8.0,8.0,8.0,25.0,6.0,25.0,7.0,0.0,7.0,14.0,0.0,14.0,4.0,0.0,4.0,-31.0,26.0,97.0,25.0,7.0,116.0,-17.0,109.0,38.0,9.0,108.0,40.0,-4.0,-73.0,57.0,31.0,8.0,31.0,7.0,6.0,7.0,19.0,0.0,19.0,9.0,1.0,9.0,4.0,0.0,4.0,10
-2.0,56.0,89.0,-9.0,40.0,98.0,8.0,107.0,15.0,-13.0,108.0,2.0,-4.0,-73.0,57.0,2.0,5.0,2.0,29.0,1.0,29.0,8.0,0.0,8.0,13.0,0.0,13.0,4.0,0.0,4.0,-25.0,18.0,109.0,9.0,1.0,123.0,-18.0,109.0,42.0,9.0,107.0,36.0,-4.0,-73.0,57.0,25.0,5.0,25.0,11.0,0.0,11.0,18.0,0.0,18.0,9.0,0.0,9.0,4.0,0.0,4.0,10
6.0,51.0,94.0,-19.0,41.0,81.0,8.0,107.0,16.0,-13.0,108.0,3.0,-4.0,-73.0,59.0,6.0,14.0,6.0,27.0,2.0,27.0,4.0,1.0,4.0,17.0,1.0,17.0,8.0,0.0,8.0,-17.0,13.0,115.0,-1.0,1.0,107.0,-18.0,109.0,44.0,9.0,107.0,36.0,-4.0,-73.0,59.0,17.0,14.0,17.0,13.0,1.0,13.0,24.0,0.0,24.0,3.0,0.0,3.0,8.0,0.0,8.0,10
14.0,37.0,102.0,-23.0,39.0,86.0,6.0,108.0,20.0,-15.0,107.0,2.0,-6.0,-73.0,59.0,14.0,5.0,14.0,25.0,1.0,25.0,6.0,0.0,6.0,15.0,0.0,15.0,8.0,0.0,8.0,-10.0,-1.0,123.0,-7.0,0.0,113.0,-21.0,109.0,44.0,6.0,107.0,39.0,-6.0,-73.0,59.0,10.0,5.0,10.0,9.0,1.0,9.0,21.0,0.0,21.0,6.0,0.0,6.0,8.0,0.0,8.0,10
21.0,32.0,102.0,-24.0,38.0,93.0,6.0,108.0,19.0,-15.0,107.0,4.0,-7.0,-73.0,62.0,9.0,8.0,9.0,24.0,5.0,24.0,6.0,1.0,6.0,15.0,0.0,15.0,7.0,1.0,7.0,-3.0,-6.0,123.0,-8.0,-1.0,120.0,-20.0,109.0,45.0,7.0,107.0,38.0,-7.0,-73.0,62.0,13.0,8.0,13.0,8.0,5.0,8.0,20.0,0.0,20.0,7.0,0.0,7.0,7.0,1.0,7.0,10
15.0,40.0,103.0,-19.0,33.0,95.0,6.0,109.0,20.0,-15.0,107.0,5.0,-5.0,-72.0,61.0,1.0,4.0,1.0,19.0,5.0,19.0,6.0,1.0,6.0,15.0,1.0,15.0,5.0,0.0,5.0,-8.0,2.0,124.0,-2.0,-6.0,122.0,-19.0,109.0,46.0,8.0,107.0,38.0,-5.0,-72.0,61.0,24.0,5.0,24.0,2.0,5.0,2.0,19.0,1.0,19.0,8.0,1.0,8.0,5.0,0.0,5.0,10
8.0,44.0,103.0,-18.0,38.0,79.0,7.0,108.0,17.0,-13.0,108.0,7.0,-5.0,-72.0,60.0,10.0,7.0,10.0,18.0,5.0,18.0,7.0,1.0,7.0,13.0,1.0,13.0,5.0,0.0,5.0,-16.0,7.0,124.0,-1.0,-1.0,106.0,-19.0,110.0,45.0,9.0,108.0,40.0,-5.0,-72.0,60.0,32.0,7.0,32.0,1.0,6.0,1.0,19.0,0.0,19.0,9.0,0.0,9.0,5.0,0.0,5.0,10
-1.0,51.0,91.0,-1.0,43.0,90.0,10.0,107.0,13.0,-11.0,109.0,12.0,-5.0,-72.0,60.0,11.0,6.0,11.0,1.0,8.0,1.0,10.0,0.0,10.0,13.0,1.0,13.0,5.0,1.0,5.0,-24.0,14.0,115.0,17.0,5.0,116.0,-16.0,110.0,45.0,12.0,108.0,41.0,-5.0,-72.0,60.0,30.0,6.0,30.0,17.0,7.0,17.0,16.0,1.0,16.0,12.0,1.0,12.0,5.0,1.0,5.0,10
-6.0,57.0,74.0,6.0,51.0,75.0,10.0,107.0,11.0,-12.0,108.0,12.0,-5.0,-73.0,58.0,6.0,5.0,6.0,6.0,6.0,6.0,10.0,0.0,10.0,12.0,1.0,12.0,7.0,0.0,7.0,-27.0,20.0,102.0,25.0,12.0,99.0,-14.0,109.0,45.0,12.0,107.0,37.0,-5.0,-73.0,58.0,27.0,5.0,27.0,25.0,5.0,25.0,14.0,0.0,14.0,12.0,1.0,12.0,7.0,0.0,7.0,10
-5.0,62.0,61.0,13.0,57.0,65.0,10.0,107.0,12.0,-11.0,109.0,15.0,-6.0,-73.0,62.0,7.0,2.0,7.0,13.0,4.0,13.0,6.0,0.0,6.0,13.0,0.0,13.0,10.0,0.0,10.0,-27.0,25.0,88.0,32.0,17.0,90.0,-14.0,109.0,46.0,13.0,108.0,40.0,-6.0,-73.0,62.0,31.0,2.0,31.0,32.0,4.0,32.0,20.0,0.0,20.0,9.0,0.0,9.0,10.0,0.0,10.0,10
-6.0,64.0,56.0,14.0,61.0,44.0,8.0,107.0,15.0,-12.0,109.0,11.0,-8.0,-73.0,64.0,6.0,3.0,6.0,14.0,3.0,14.0,4.0,0.0,4.0,14.0,0.0,14.0,8.0,0.0,8.0,-29.0,27.0,81.0,32.0,21.0,75.0,-17.0,109.0,46.0,11.0,108.0,41.0,-8.0,-73.0,64.0,29.0,3.0,29.0,32.0,3.0,32.0,23.0,0.0,23.0,7.0,0.0,7.0,8.0,0.0,8.0,10
-5.0,67.0,49.0,15.0,64.0,38.0,6.0,107.0,20.0,-13.0,109.0,7.0,-8.0,-73.0,66.0,5.0,1.0,5.0,15.0,1.0,15.0,6.0,0.0,6.0,15.0,1.0,15.0,8.0,0.0,8.0,-29.0,30.0,73.0,32.0,24.0,69.0,-20.0,109.0,46.0,9.0,108.0,42.0,-8.0,-73.0,66.0,29.0,1.0,29.0,32.0,1.0,32.0,20.0,0.0,20.0,7.0,1.0,7.0,8.0,0.0,8.0,10
-5.0,68.0,38.0,16.0,65.0,30.0,6.0,107.0,19.0,-14.0,108.0,6.0,-8.0,-73.0,67.0,7.0,1.0,7.0,14.0,2.0,14.0,6.0,0.0,6.0,14.0,0.0,14.0,8.0,0.0,8.0,-29.0,31.0,61.0,33.0,25.0,61.0,-20.0,109.0,46.0,8.0,107.0,40.0,-8.0,-73.0,67.0,31.0,1.0,31.0,31.0,3.0,31.0,20.0,0.0,20.0,8.0,1.0,8.0,8.0,0.0,8.0,10
-6.0,69.0,34.0,15.0,67.0,18.0,7.0,107.0,18.0,-14.0,108.0,4.0,-7.0,-73.0,63.0,8.0,1.0,8.0,15.0,1.0,15.0,7.0,1.0,7.0,14.0,0.0,14.0,7.0,1.0,7.0,-30.0,32.0,58.0,32.0,28.0,48.0,-19.0,109.0,44.0,8.0,108.0,38.0,-7.0,-73.0,63.0,32.0,1.0,32.0,32.0,1.0,32.0,19.0,1.0,19.0,8.0,0.0,8.0,7.0,1.0,7.0,10
-7.0,70.0,29.0,15.0,68.0,11.0,8.0,108.0,14.0,-13.0,108.0,10.0,-6.0,-74.0,61.0,9.0,0.0,9.0,13.0,1.0,13.0,8.0,1.0,8.0,13.0,0.0,13.0,6.0,0.0,6.0,-31.0,33.0,54.0,32.0,29.0,41.0,-18.0,110.0,44.0,10.0,108.0,40.0,-6.0,-74.0,61.0,31.0,0.0,31.0,30.0,1.0,30.0,18.0,1.0,18.0,10.0,0.0,10.0,6.0,0.0,6.0,10
-8.0,70.0,29.0,14.0,69.0,11.0,8.0,107.0,13.0,-13.0,108.0,7.0,-6.0,-74.0,60.0,8.0,1.0,8.0,10.0,0.0,10.0,8.0,0.0,8.0,13.0,0.0,13.0,6.0,0.0,6.0,-31.0,33.0,54.0,31.0,30.0,40.0,-18.0,109.0,44.0,10.0,108.0,37.0,-6.0,-74.0,60.0,31.0,2.0,31.0,29.0,0.0,29.0,18.0,0.0,18.0,10.0,0.0,10.0,6.0,0.0,6.0,10
-5.0,69.0,11.0,12.0,69.0,14.0,9.0,107.0,11.0,-12.0,108.0,11.0,-4.0,-74.0,60.0,7.0,1.0,7.0,10.0,0.0,10.0,9.0,1.0,9.0,12.0,0.0,12.0,4.0,0.0,4.0,-27.0,31.0,36.0,30.0,30.0,41.0,-16.0,109.0,43.0,12.0,108.0,39.0,-4.0,-74.0,60.0,29.0,0.0,29.0,28.0,1.0,28.0,16.0,0.0,16.0,10.0,1.0,10.0,4.0,0.0,4.0,10
-6.0,70.0,30.0,11.0,69.0,8.0,9.0,108.0,12.0,-12.0,108.0,8.0,-4.0,-74.0,60.0,12.0,1.0,12.0,11.0,0.0,11.0,7.0,0.0,7.0,14.0,0.0,14.0,6.0,1.0,6.0,-28.0,31.0,54.0,29.0,29.0,36.0,-16.0,109.0,43.0,11.0,107.0,37.0,-4.0,-74.0,60.0,36.0,3.0,36.0,27.0,1.0,27.0,20.0,1.0,20.0,9.0,1.0,9.0,6.0,1.0,6.0,10
-9.0,71.0,29.0,11.0,69.0,18.0,8.0,108.0,14.0,-13.0,108.0,9.0,-5.0,-73.0,60.0,13.0,2.0,13.0,9.0,1.0,9.0,8.0,1.0,8.0,15.0,0.0,15.0,5.0,1.0,5.0,-32.0,34.0,54.0,28.0,30.0,45.0,-18.0,110.0,44.0,10.0,108.0,40.0,-5.0,-73.0,60.0,34.0,3.0,34.0,28.0,1.0,28.0,18.0,1.0,18.0,10.0,0.0,10.0,5.0,1.0,5.0,10
-11.0,69.0,34.0,10.0,70.0,21.0,8.0,107.0,13.0,-14.0,108.0,6.0,-4.0,-74.0,60.0,-11.0,69.0,-11.0,10.0,70.0,10.0,8.0,107.0,8.0,-14.0,108.0,-14.0,-4.0,-74.0,-4.0,-33.0,31.0,59.0,29.0,31.0,48.0,-17.0,109.0,43.0,10.0,108.0,35.0,-4.0,-74.0,60.0,-33.0,31.0,-33.0,29.0,31.0,29.0,-17.0,109.0,-17.0,10.0,108.0,10.0,-4.0,-74.0,-4.0,10
