left_arm_local_X,left_arm_local_Y,left_arm_local_Z,right_arm_local_X,right_arm_local_Y,right_arm_local_Z,left_leg_local_X,left_leg_local_Y,left_leg_local_Z,right_leg_local_X,right_leg_local_Y,right_leg_local_Z,waist_head_local_X,waist_head_local_Y,waist_head_local_Z,left_arm_local_distX,left_arm_local__distY,left_arm_local__distZ,right_arm_local__distX,right_arm_local__distY,right_arm_local__distZ,left_leg_local__distX,left_leg_local__distY,left_leg_local__distZ,right_leg_local__distX,right_leg_local__distY,right_leg_local__distZ,waist_head_local__distX,waist_head_local__distY,waist_head_local__distZ,left_arm_global_X,left_arm_global_Y,left_arm_global_Z,right_arm_global_X,right_arm_global_Y,right_arm_global_Z,left_leg_global_X,left_leg_global_Y,left_leg_global_Z,right_leg_global_X,right_leg_global_Y,right_leg_global_Z,waist_head_global_X,waist_head_global_Y,waist_head_global_Z,left_arm_global_distX,left_arm_global__distY,left_arm_global__distZ,right_arm_global__distX,right_arm_global__distY,right_arm_global__distZ,left_leg_global__distX,left_leg_global__distY,left_leg_global__distZ,right_leg_global__distX,right_leg_global__distY,right_global__leg_distZ,waist_head_global__distX,waist_head_global__distY,waist_head_global__distZ,label
-7.0,62.0,13.0,6.0,63.0,9.0,2.0,92.0,3.0,-8.0,94.0,-4.0,-3.0,-65.0,39.0,9.0,2.0,9.0,6.0,1.0,6.0,2.0,0.0,2.0,8.0,1.0,8.0,3.0,1.0,3.0,-24.0,27.0,28.0,19.0,26.0,30.0,-18.0,93.0,27.0,9.0,95.0,27.0,-3.0,-65.0,39.0,26.0,1.0,26.0,19.0,0.0,19.0,18.0,0.0,18.0,9.0,1.0,9.0,3.0,1.0,3.0,11
-8.0,64.0,9.0,7.0,64.0,9.0,2.0,92.0,3.0,-8.0,93.0,-5.0,-3.0,-66.0,39.0,12.0,1.0,12.0,7.0,0.0,7.0,2.0,0.0,2.0,8.0,1.0,8.0,3.0,1.0,3.0,-25.0,28.0,23.0,20.0,26.0,30.0,-18.0,93.0,26.0,9.0,94.0,27.0,-3.0,-66.0,39.0,27.0,1.0,27.0,20.0,1.0,20.0,18.0,0.0,18.0,9.0,1.0,9.0,3.0,1.0,3.0,11
-10.0,63.0,7.0,7.0,64.0,9.0,3.0,92.0,1.0,-7.0,94.0,-1.0,-2.0,-65.0,37.0,10.0,0.0,10.0,5.0,0.0,5.0,1.0,1.0,1.0,7.0,1.0,7.0,2.0,0.0,2.0,-26.0,27.0,23.0,21.0,27.0,29.0,-16.0,93.0,27.0,11.0,95.0,28.0,-2.0,-65.0,37.0,26.0,1.0,26.0,19.0,0.0,19.0,18.0,1.0,18.0,11.0,0.0,11.0,2.0,0.0,2.0,11
-8.0,63.0,11.0,6.0,64.0,10.0,2.0,93.0,3.0,-7.0,93.0,-4.0,-2.0,-65.0,37.0,8.0,1.0,8.0,6.0,0.0,6.0,2.0,0.0,2.0,7.0,1.0,7.0,4.0,1.0,4.0,-24.0,28.0,25.0,20.0,27.0,30.0,-17.0,94.0,28.0,11.0,95.0,26.0,-2.0,-65.0,37.0,24.0,0.0,24.0,20.0,0.0,20.0,19.0,0.0,19.0,9.0,0.0,9.0,4.0,1.0,4.0,11
-7.0,62.0,3.0,7.0,64.0,7.0,2.0,93.0,1.0,-7.0,94.0,-5.0,-3.0,-64.0,37.0,9.0,1.0,9.0,7.0,0.0,7.0,2.0,0.0,2.0,7.0,1.0,7.0,3.0,1.0,3.0,-24.0,28.0,19.0,20.0,27.0,28.0,-18.0,94.0,25.0,10.0,95.0,25.0,-3.0,-64.0,37.0,26.0,0.0,26.0,20.0,0.0,20.0,18.0,0.0,18.0,10.0,1.0,10.0,3.0,1.0,3.0,11
-8.0,63.0,1.0,11.0,64.0,8.0,2.0,93.0,2.0,-7.0,93.0,-6.0,-3.0,-65.0,35.0,12.0,0.0,12.0,11.0,1.0,11.0,2.0,1.0,2.0,7.0,1.0,7.0,3.0,1.0,3.0,-25.0,28.0,16.0,23.0,27.0,28.0,-18.0,94.0,26.0,10.0,94.0,24.0,-3.0,-65.0,35.0,29.0,0.0,29.0,23.0,1.0,23.0,18.0,0.0,18.0,10.0,1.0,10.0,3.0,1.0,3.0,11
-10.0,63.0,-5.0,15.0,63.0,3.0,3.0,92.0,0.0,-7.0,94.0,-3.0,-2.0,-64.0,34.0,20.0,0.0,20.0,15.0,2.0,15.0,1.0,1.0,1.0,7.0,1.0,7.0,4.0,1.0,4.0,-27.0,28.0,10.0,28.0,26.0,22.0,-17.0,94.0,25.0,11.0,95.0,26.0,-2.0,-64.0,34.0,37.0,0.0,37.0,28.0,2.0,28.0,19.0,0.0,19.0,9.0,0.0,9.0,4.0,1.0,4.0,11
-15.0,63.0,-3.0,20.0,61.0,5.0,2.0,93.0,-1.0,-7.0,93.0,-4.0,-3.0,-65.0,35.0,27.0,3.0,27.0,20.0,0.0,20.0,2.0,1.0,2.0,7.0,1.0,7.0,3.0,0.0,3.0,-32.0,28.0,12.0,32.0,24.0,25.0,-18.0,94.0,24.0,10.0,95.0,26.0,-3.0,-65.0,35.0,42.0,3.0,42.0,32.0,0.0,32.0,18.0,0.0,18.0,10.0,0.0,10.0,3.0,0.0,3.0,11
-21.0,60.0,-6.0,22.0,61.0,2.0,3.0,92.0,-1.0,-7.0,94.0,-3.0,-2.0,-65.0,35.0,41.0,3.0,41.0,22.0,4.0,22.0,3.0,0.0,3.0,7.0,1.0,7.0,2.0,1.0,2.0,-37.0,25.0,11.0,36.0,24.0,21.0,-16.0,94.0,26.0,11.0,95.0,24.0,-2.0,-65.0,35.0,57.0,4.0,57.0,36.0,5.0,36.0,16.0,1.0,16.0,11.0,1.0,11.0,2.0,1.0,2.0,11
-31.0,57.0,-4.0,32.0,57.0,1.0,3.0,92.0,-1.0,-7.0,93.0,-5.0,-2.0,-66.0,34.0,51.0,8.0,51.0,32.0,9.0,32.0,3.0,0.0,3.0,7.0,0.0,7.0,4.0,0.0,4.0,-47.0,21.0,14.0,46.0,19.0,21.0,-16.0,93.0,25.0,11.0,94.0,24.0,-2.0,-66.0,34.0,69.0,8.0,69.0,46.0,9.0,46.0,18.0,0.0,18.0,9.0,0.0,9.0,4.0,0.0,4.0,11
-41.0,49.0,-7.0,43.0,48.0,6.0,3.0,92.0,0.0,-7.0,93.0,-5.0,-3.0,-66.0,34.0,63.0,12.0,63.0,43.0,8.0,43.0,1.0,0.0,1.0,9.0,0.0,9.0,3.0,0.0,3.0,-58.0,13.0,11.0,55.0,10.0,26.0,-17.0,93.0,26.0,10.0,94.0,24.0,-3.0,-66.0,34.0,80.0,12.0,80.0,55.0,8.0,55.0,19.0,0.0,19.0,8.0,0.0,8.0,3.0,0.0,3.0,11
-52.0,37.0,1.0,50.0,40.0,-3.0,2.0,92.0,0.0,-8.0,93.0,-7.0,-3.0,-66.0,33.0,74.0,27.0,74.0,50.0,25.0,50.0,2.0,1.0,2.0,8.0,0.0,8.0,3.0,1.0,3.0,-69.0,1.0,15.0,62.0,2.0,17.0,-18.0,93.0,24.0,9.0,94.0,24.0,-3.0,-66.0,33.0,89.0,26.0,89.0,62.0,23.0,62.0,18.0,1.0,18.0,9.0,1.0,9.0,3.0,1.0,3.0,11
-63.0,10.0,23.0,63.0,15.0,14.0,4.0,93.0,-3.0,-7.0,93.0,-3.0,-2.0,-65.0,33.0,69.0,17.0,69.0,63.0,15.0,63.0,4.0,1.0,4.0,7.0,0.0,7.0,2.0,1.0,2.0,-79.0,-25.0,40.0,77.0,-21.0,34.0,-15.0,94.0,24.0,11.0,95.0,24.0,-2.0,-65.0,33.0,83.0,18.0,83.0,77.0,16.0,77.0,17.0,1.0,17.0,11.0,1.0,11.0,2.0,1.0,2.0,11
-66.0,-7.0,27.0,64.0,0.0,16.0,4.0,92.0,1.0,-7.0,93.0,-4.0,-2.0,-66.0,33.0,66.0,17.0,66.0,60.0,19.0,60.0,2.0,1.0,2.0,9.0,0.0,9.0,2.0,1.0,2.0,-81.0,-43.0,44.0,78.0,-37.0,35.0,-16.0,93.0,26.0,11.0,94.0,24.0,-2.0,-66.0,33.0,81.0,17.0,81.0,72.0,19.0,72.0,20.0,1.0,20.0,7.0,1.0,7.0,2.0,1.0,2.0,11
-63.0,-24.0,33.0,62.0,-19.0,30.0,3.0,93.0,4.0,-8.0,93.0,-3.0,-2.0,-65.0,33.0,63.0,20.0,63.0,32.0,25.0,32.0,3.0,0.0,3.0,8.0,1.0,8.0,2.0,1.0,2.0,-79.0,-60.0,52.0,75.0,-56.0,51.0,-18.0,94.0,27.0,9.0,95.0,28.0,-2.0,-65.0,33.0,79.0,21.0,79.0,47.0,25.0,47.0,18.0,0.0,18.0,9.0,0.0,9.0,2.0,1.0,2.0,11
-50.0,-44.0,46.0,47.0,-44.0,52.0,3.0,93.0,2.0,-7.0,94.0,1.0,-1.0,-66.0,33.0,50.0,9.0,50.0,19.0,9.0,19.0,3.0,0.0,3.0,9.0,1.0,9.0,1.0,0.0,1.0,-64.0,-81.0,66.0,61.0,-81.0,71.0,-17.0,94.0,27.0,11.0,95.0,30.0,-1.0,-66.0,33.0,64.0,9.0,64.0,33.0,9.0,33.0,17.0,1.0,17.0,9.0,1.0,9.0,1.0,0.0,1.0,11
-38.0,-53.0,57.0,33.0,-53.0,56.0,4.0,93.0,4.0,-8.0,93.0,-3.0,-1.0,-66.0,31.0,38.0,6.0,38.0,11.0,4.0,11.0,4.0,0.0,4.0,8.0,1.0,8.0,1.0,0.0,1.0,-52.0,-90.0,74.0,47.0,-90.0,74.0,-17.0,93.0,28.0,10.0,94.0,28.0,-1.0,-66.0,31.0,52.0,7.0,52.0,25.0,4.0,25.0,17.0,0.0,17.0,10.0,0.0,10.0,1.0,0.0,1.0,11
-27.0,-59.0,62.0,22.0,-57.0,64.0,5.0,93.0,1.0,-7.0,94.0,1.0,0.0,-66.0,26.0,27.0,1.0,27.0,2.0,2.0,2.0,5.0,0.0,5.0,7.0,0.0,7.0,0.0,1.0,0.0,-40.0,-97.0,79.0,36.0,-94.0,82.0,-16.0,93.0,28.0,11.0,94.0,30.0,0.0,-66.0,26.0,40.0,0.0,40.0,14.0,1.0,14.0,16.0,1.0,16.0,11.0,0.0,11.0,0.0,1.0,0.0,11
-13.0,-60.0,56.0,10.0,-59.0,68.0,6.0,93.0,-1.0,-7.0,94.0,3.0,0.0,-65.0,25.0,13.0,0.0,13.0,10.0,0.0,10.0,2.0,0.0,2.0,9.0,0.0,9.0,2.0,0.0,2.0,-25.0,-97.0,73.0,25.0,-95.0,84.0,-15.0,94.0,27.0,13.0,94.0,30.0,0.0,-65.0,25.0,27.0,0.0,27.0,25.0,0.0,25.0,19.0,0.0,19.0,7.0,0.0,7.0,2.0,0.0,2.0,11
-13.0,-60.0,52.0,12.0,-59.0,60.0,4.0,93.0,4.0,-8.0,94.0,-1.0,-1.0,-65.0,27.0,29.0,2.0,29.0,12.0,2.0,12.0,4.0,0.0,4.0,8.0,0.0,8.0,3.0,2.0,3.0,-26.0,-97.0,69.0,25.0,-95.0,79.0,-17.0,94.0,28.0,10.0,94.0,30.0,-1.0,-65.0,27.0,46.0,1.0,46.0,25.0,1.0,25.0,19.0,1.0,19.0,8.0,0.0,8.0,3.0,2.0,3.0,11
-21.0,-58.0,42.0,23.0,-57.0,52.0,4.0,93.0,5.0,-8.0,94.0,-5.0,-2.0,-67.0,28.0,49.0,6.0,49.0,23.0,8.0,23.0,2.0,1.0,2.0,8.0,1.0,8.0,2.0,1.0,2.0,-36.0,-96.0,59.0,35.0,-94.0,73.0,-18.0,93.0,26.0,9.0,94.0,28.0,-2.0,-67.0,28.0,64.0,7.0,64.0,35.0,8.0,35.0,20.0,0.0,20.0,9.0,0.0,9.0,2.0,1.0,2.0,11
-35.0,-52.0,31.0,39.0,-49.0,42.0,3.0,92.0,5.0,-8.0,93.0,-5.0,-2.0,-66.0,31.0,51.0,5.0,51.0,39.0,5.0,39.0,3.0,1.0,3.0,8.0,1.0,8.0,2.0,1.0,2.0,-50.0,-89.0,48.0,51.0,-86.0,66.0,-19.0,93.0,26.0,9.0,94.0,28.0,-2.0,-66.0,31.0,66.0,5.0,66.0,51.0,4.0,51.0,19.0,0.0,19.0,9.0,0.0,9.0,2.0,1.0,2.0,11
-43.0,-47.0,20.0,47.0,-44.0,34.0,4.0,93.0,4.0,-8.0,94.0,-6.0,-2.0,-67.0,32.0,43.0,1.0,43.0,45.0,1.0,45.0,4.0,0.0,4.0,8.0,1.0,8.0,2.0,1.0,2.0,-58.0,-84.0,38.0,59.0,-82.0,57.0,-18.0,93.0,25.0,9.0,94.0,27.0,-2.0,-67.0,32.0,58.0,1.0,58.0,57.0,0.0,57.0,18.0,0.0,18.0,9.0,0.0,9.0,2.0,1.0,2.0,11
-43.0,-46.0,23.0,46.0,-45.0,37.0,4.0,93.0,5.0,-8.0,93.0,-5.0,-2.0,-66.0,30.0,43.0,7.0,43.0,24.0,7.0,24.0,2.0,0.0,2.0,8.0,1.0,8.0,2.0,0.0,2.0,-58.0,-83.0,40.0,58.0,-82.0,61.0,-18.0,93.0,26.0,9.0,94.0,27.0,-2.0,-66.0,30.0,58.0,7.0,58.0,38.0,6.0,38.0,18.0,1.0,18.0,9.0,0.0,9.0,2.0,0.0,2.0,11
-33.0,-53.0,40.0,35.0,-52.0,51.0,3.0,93.0,6.0,-8.0,94.0,-7.0,0.0,-66.0,26.0,33.0,2.0,33.0,13.0,5.0,13.0,3.0,0.0,3.0,10.0,0.0,10.0,2.0,0.0,2.0,-47.0,-90.0,56.0,48.0,-88.0,73.0,-18.0,94.0,27.0,10.0,94.0,27.0,0.0,-66.0,26.0,47.0,3.0,47.0,24.0,6.0,24.0,18.0,1.0,18.0,8.0,0.0,8.0,2.0,0.0,2.0,11
-20.0,-55.0,53.0,24.0,-57.0,60.0,4.0,93.0,4.0,-9.0,94.0,-2.0,-1.0,-66.0,25.0,20.0,1.0,20.0,4.0,2.0,4.0,4.0,0.0,4.0,9.0,0.0,9.0,1.0,0.0,1.0,-35.0,-93.0,69.0,36.0,-94.0,81.0,-18.0,93.0,26.0,9.0,94.0,29.0,-1.0,-66.0,25.0,35.0,0.0,35.0,8.0,2.0,8.0,18.0,0.0,18.0,9.0,0.0,9.0,1.0,0.0,1.0,11
-10.0,-56.0,59.0,10.0,-59.0,68.0,4.0,93.0,5.0,-9.0,94.0,-3.0,-1.0,-66.0,22.0,10.0,0.0,10.0,16.0,2.0,16.0,4.0,0.0,4.0,9.0,1.0,9.0,1.0,1.0,1.0,-25.0,-93.0,74.0,22.0,-96.0,88.0,-18.0,93.0,27.0,9.0,94.0,29.0,-1.0,-66.0,22.0,25.0,1.0,25.0,2.0,2.0,2.0,18.0,0.0,18.0,9.0,0.0,9.0,1.0,1.0,1.0,11
-6.0,-56.0,66.0,-3.0,-57.0,75.0,4.0,93.0,2.0,-9.0,93.0,-1.0,-1.0,-65.0,22.0,14.0,1.0,14.0,3.0,2.0,3.0,4.0,0.0,4.0,9.0,0.0,9.0,1.0,0.0,1.0,-20.0,-92.0,81.0,10.0,-94.0,94.0,-18.0,93.0,27.0,10.0,94.0,29.0,-1.0,-65.0,22.0,28.0,1.0,28.0,10.0,2.0,10.0,18.0,0.0,18.0,10.0,0.0,10.0,1.0,0.0,1.0,11
-10.0,-57.0,63.0,3.0,-59.0,77.0,4.0,93.0,2.0,-9.0,93.0,-2.0,-1.0,-65.0,24.0,34.0,0.0,34.0,3.0,0.0,3.0,4.0,0.0,4.0,9.0,1.0,9.0,1.0,1.0,1.0,-24.0,-93.0,79.0,16.0,-96.0,97.0,-17.0,93.0,28.0,10.0,94.0,28.0,-1.0,-65.0,24.0,48.0,1.0,48.0,16.0,0.0,16.0,17.0,0.0,17.0,10.0,0.0,10.0,1.0,1.0,1.0,11
-22.0,-57.0,56.0,15.0,-59.0,75.0,5.0,93.0,2.0,-8.0,94.0,-3.0,-1.0,-66.0,24.0,68.0,10.0,68.0,15.0,9.0,15.0,5.0,0.0,5.0,10.0,0.0,10.0,1.0,0.0,1.0,-36.0,-94.0,72.0,28.0,-96.0,94.0,-17.0,93.0,27.0,10.0,94.0,27.0,-1.0,-66.0,24.0,84.0,10.0,84.0,28.0,9.0,28.0,17.0,0.0,17.0,10.0,0.0,10.0,1.0,0.0,1.0,11
-45.0,-47.0,45.0,37.0,-50.0,71.0,5.0,93.0,1.0,-9.0,94.0,-1.0,-1.0,-66.0,26.0,67.0,13.0,67.0,37.0,17.0,37.0,3.0,1.0,3.0,9.0,1.0,9.0,1.0,1.0,1.0,-60.0,-84.0,64.0,50.0,-87.0,92.0,-17.0,93.0,27.0,10.0,94.0,29.0,-1.0,-66.0,26.0,82.0,14.0,82.0,50.0,17.0,50.0,17.0,0.0,17.0,10.0,0.0,10.0,1.0,1.0,1.0,11
-56.0,-34.0,44.0,52.0,-33.0,69.0,4.0,92.0,2.0,-8.0,93.0,-1.0,0.0,-65.0,29.0,68.0,23.0,68.0,52.0,23.0,52.0,4.0,0.0,4.0,8.0,0.0,8.0,2.0,0.0,2.0,-71.0,-70.0,63.0,66.0,-70.0,91.0,-17.0,93.0,27.0,11.0,94.0,29.0,0.0,-65.0,29.0,85.0,23.0,85.0,66.0,23.0,66.0,19.0,0.0,19.0,9.0,0.0,9.0,2.0,0.0,2.0,11
-62.0,-11.0,44.0,61.0,-10.0,62.0,4.0,92.0,2.0,-8.0,93.0,-1.0,-1.0,-65.0,30.0,62.0,35.0,62.0,47.0,40.0,47.0,2.0,1.0,2.0,10.0,0.0,10.0,3.0,1.0,3.0,-78.0,-47.0,64.0,75.0,-47.0,85.0,-18.0,93.0,27.0,10.0,94.0,29.0,-1.0,-65.0,30.0,78.0,35.0,78.0,59.0,39.0,59.0,18.0,0.0,18.0,10.0,0.0,10.0,3.0,1.0,3.0,11
-57.0,24.0,26.0,54.0,30.0,46.0,3.0,93.0,2.0,-9.0,93.0,-4.0,-2.0,-66.0,32.0,57.0,18.0,57.0,26.0,15.0,26.0,3.0,0.0,3.0,9.0,0.0,9.0,2.0,0.0,2.0,-73.0,-12.0,44.0,67.0,-8.0,68.0,-18.0,93.0,27.0,10.0,94.0,26.0,-2.0,-66.0,32.0,73.0,17.0,73.0,41.0,15.0,41.0,18.0,0.0,18.0,10.0,0.0,10.0,2.0,0.0,2.0,11
-42.0,42.0,16.0,40.0,45.0,36.0,4.0,93.0,1.0,-9.0,93.0,-3.0,-2.0,-66.0,36.0,42.0,10.0,42.0,12.0,12.0,12.0,4.0,0.0,4.0,9.0,0.0,9.0,2.0,0.0,2.0,-58.0,5.0,34.0,54.0,7.0,59.0,-17.0,93.0,26.0,10.0,94.0,27.0,-2.0,-66.0,36.0,58.0,11.0,58.0,26.0,12.0,26.0,17.0,1.0,17.0,10.0,1.0,10.0,2.0,0.0,2.0,11
-30.0,52.0,4.0,26.0,57.0,16.0,4.0,93.0,1.0,-8.0,93.0,-1.0,-2.0,-66.0,38.0,30.0,9.0,30.0,0.0,3.0,0.0,4.0,0.0,4.0,8.0,1.0,8.0,2.0,0.0,2.0,-46.0,16.0,25.0,40.0,19.0,38.0,-17.0,94.0,28.0,11.0,95.0,27.0,-2.0,-66.0,38.0,46.0,9.0,46.0,14.0,4.0,14.0,17.0,0.0,17.0,11.0,0.0,11.0,2.0,0.0,2.0,11
-12.0,61.0,-7.0,13.0,60.0,1.0,4.0,93.0,0.0,-8.0,94.0,0.0,-1.0,-66.0,40.0,-12.0,61.0,-12.0,13.0,60.0,13.0,4.0,93.0,4.0,-8.0,94.0,-8.0,-1.0,-66.0,-1.0,-28.0,25.0,12.0,27.0,23.0,26.0,-16.0,94.0,27.0,12.0,95.0,28.0,-1.0,-66.0,40.0,-28.0,25.0,-28.0,27.0,23.0,27.0,-16.0,94.0,-16.0,12.0,95.0,12.0,-1.0,-66.0,-1.0,11
