left_arm_local_X,left_arm_local_Y,left_arm_local_Z,right_arm_local_X,right_arm_local_Y,right_arm_local_Z,left_leg_local_X,left_leg_local_Y,left_leg_local_Z,right_leg_local_X,right_leg_local_Y,right_leg_local_Z,waist_head_local_X,waist_head_local_Y,waist_head_local_Z,left_arm_local_distX,left_arm_local__distY,left_arm_local__distZ,right_arm_local__distX,right_arm_local__distY,right_arm_local__distZ,left_leg_local__distX,left_leg_local__distY,left_leg_local__distZ,right_leg_local__distX,right_leg_local__distY,right_leg_local__distZ,waist_head_local__distX,waist_head_local__distY,waist_head_local__distZ,left_arm_global_X,left_arm_global_Y,left_arm_global_Z,right_arm_global_X,right_arm_global_Y,right_arm_global_Z,left_leg_global_X,left_leg_global_Y,left_leg_global_Z,right_leg_global_X,right_leg_global_Y,right_leg_global_Z,waist_head_global_X,waist_head_global_Y,waist_head_global_Z,left_arm_global_distX,left_arm_global__distY,left_arm_global__distZ,right_arm_global__distX,right_arm_global__distY,right_arm_global__distZ,left_leg_global__distX,left_leg_global__distY,left_leg_global__distZ,right_leg_global__distX,right_leg_global__distY,right_global__leg_distZ,waist_head_global__distX,waist_head_global__distY,waist_head_global__distZ,label
0.0,65.0,46.0,7.0,73.0,3.0,41.0,98.0,70.0,-21.0,107.0,-53.0,-8.0,-63.0,42.0,4.0,1.0,4.0,1.0,0.0,1.0,41.0,0.0,41.0,27.0,1.0,27.0,8.0,1.0,8.0,-26.0,40.0,21.0,17.0,35.0,28.0,18.0,98.0,75.0,-13.0,102.0,-3.0,-8.0,-63.0,42.0,28.0,1.0,28.0,15.0,0.0,15.0,18.0,1.0,18.0,17.0,1.0,17.0,8.0,1.0,8.0,12
-2.0,66.0,43.0,4.0,73.0,3.0,42.0,98.0,70.0,-24.0,106.0,-52.0,-6.0,-64.0,44.0,2.0,0.0,2.0,4.0,1.0,4.0,42.0,0.0,42.0,24.0,0.0,24.0,8.0,0.0,8.0,-27.0,39.0,21.0,16.0,35.0,29.0,19.0,97.0,77.0,-15.0,101.0,-3.0,-6.0,-64.0,44.0,27.0,0.0,27.0,16.0,1.0,16.0,19.0,0.0,19.0,15.0,0.0,15.0,8.0,0.0,8.0,12
1.0,66.0,49.0,6.0,72.0,3.0,43.0,98.0,70.0,-22.0,106.0,-51.0,-7.0,-64.0,46.0,1.0,1.0,1.0,6.0,1.0,6.0,43.0,0.0,43.0,24.0,0.0,24.0,7.0,0.0,7.0,-26.0,39.0,29.0,17.0,34.0,29.0,20.0,97.0,78.0,-14.0,101.0,-2.0,-7.0,-64.0,46.0,26.0,0.0,26.0,17.0,1.0,17.0,20.0,1.0,20.0,14.0,1.0,14.0,7.0,0.0,7.0,12
4.0,65.0,58.0,9.0,73.0,3.0,44.0,98.0,68.0,-23.0,106.0,-48.0,-5.0,-64.0,45.0,4.0,2.0,4.0,9.0,4.0,9.0,30.0,5.0,30.0,41.0,1.0,41.0,5.0,3.0,5.0,-24.0,39.0,43.0,20.0,35.0,29.0,21.0,98.0,78.0,-13.0,102.0,0.0,-5.0,-64.0,45.0,24.0,5.0,24.0,20.0,2.0,20.0,21.0,2.0,21.0,13.0,1.0,13.0,5.0,3.0,5.0,12
14.0,67.0,36.0,11.0,69.0,44.0,37.0,103.0,-21.0,-32.0,105.0,-14.0,3.0,-67.0,39.0,14.0,5.0,14.0,11.0,6.0,11.0,35.0,1.0,35.0,34.0,1.0,34.0,3.0,0.0,3.0,-6.0,34.0,68.0,34.0,37.0,36.0,24.0,100.0,25.0,-10.0,103.0,0.0,3.0,-67.0,39.0,6.0,6.0,6.0,34.0,5.0,34.0,24.0,0.0,24.0,10.0,0.0,10.0,3.0,0.0,3.0,12
22.0,62.0,19.0,14.0,63.0,58.0,36.0,102.0,-30.0,-33.0,106.0,-9.0,5.0,-67.0,36.0,22.0,15.0,22.0,14.0,16.0,14.0,24.0,3.0,24.0,33.0,2.0,33.0,5.0,0.0,5.0,4.0,28.0,60.0,36.0,32.0,44.0,25.0,100.0,19.0,-10.0,103.0,-1.0,5.0,-67.0,36.0,4.0,16.0,4.0,36.0,15.0,36.0,21.0,2.0,21.0,10.0,0.0,10.0,5.0,0.0,5.0,12
38.0,47.0,42.0,31.0,47.0,81.0,30.0,105.0,-53.0,-26.0,104.0,-9.0,12.0,-67.0,26.0,38.0,17.0,38.0,31.0,9.0,31.0,6.0,6.0,6.0,34.0,4.0,34.0,8.0,1.0,8.0,27.0,12.0,85.0,55.0,17.0,53.0,23.0,102.0,0.0,-4.0,103.0,-14.0,12.0,-67.0,26.0,27.0,22.0,27.0,55.0,8.0,55.0,3.0,6.0,3.0,12.0,4.0,12.0,8.0,1.0,8.0,12
53.0,30.0,40.0,40.0,38.0,76.0,12.0,111.0,-52.0,-30.0,100.0,-9.0,10.0,-68.0,20.0,53.0,16.0,53.0,40.0,1.0,40.0,6.0,7.0,6.0,30.0,8.0,30.0,10.0,1.0,10.0,46.0,-10.0,84.0,62.0,9.0,37.0,10.0,108.0,2.0,-8.0,99.0,-24.0,10.0,-68.0,20.0,46.0,15.0,46.0,62.0,2.0,62.0,0.0,7.0,0.0,8.0,8.0,8.0,10.0,1.0,10.0,12
63.0,14.0,32.0,44.0,37.0,63.0,3.0,118.0,-36.0,-25.0,108.0,2.0,13.0,-67.0,16.0,63.0,17.0,63.0,44.0,1.0,44.0,3.0,0.0,3.0,25.0,3.0,25.0,13.0,3.0,13.0,58.0,-25.0,78.0,64.0,7.0,18.0,5.0,115.0,18.0,-3.0,107.0,-19.0,13.0,-67.0,16.0,58.0,11.0,58.0,56.0,4.0,56.0,5.0,1.0,5.0,3.0,4.0,3.0,13.0,3.0,13.0,12
70.0,-3.0,32.0,47.0,38.0,43.0,3.0,118.0,-28.0,-21.0,111.0,16.0,13.0,-64.0,18.0,56.0,8.0,56.0,47.0,53.0,47.0,5.0,1.0,5.0,21.0,3.0,21.0,13.0,3.0,13.0,63.0,-36.0,75.0,60.0,11.0,-10.0,7.0,116.0,25.0,-1.0,111.0,-9.0,13.0,-64.0,18.0,61.0,16.0,61.0,60.0,55.0,60.0,5.0,2.0,5.0,1.0,6.0,1.0,13.0,3.0,13.0,12
63.0,-11.0,19.0,58.0,-15.0,60.0,-1.0,117.0,-42.0,-15.0,108.0,13.0,19.0,-67.0,20.0,41.0,8.0,41.0,58.0,6.0,58.0,1.0,1.0,1.0,23.0,0.0,23.0,15.0,2.0,15.0,62.0,-52.0,58.0,72.0,-44.0,-1.0,6.0,114.0,9.0,3.0,105.0,-19.0,19.0,-67.0,20.0,40.0,6.0,40.0,72.0,2.0,72.0,6.0,1.0,6.0,1.0,1.0,1.0,15.0,2.0,15.0,12
52.0,-3.0,3.0,58.0,-21.0,46.0,1.0,116.0,-44.0,-19.0,108.0,-1.0,17.0,-69.0,20.0,28.0,17.0,28.0,58.0,1.0,58.0,1.0,7.0,1.0,43.0,10.0,43.0,17.0,3.0,17.0,51.0,-46.0,41.0,75.0,-46.0,-11.0,7.0,115.0,8.0,1.0,106.0,-31.0,17.0,-69.0,20.0,19.0,14.0,19.0,75.0,1.0,75.0,13.0,6.0,13.0,17.0,7.0,17.0,17.0,3.0,17.0,12
40.0,14.0,-31.0,60.0,-22.0,14.0,2.0,123.0,-18.0,-31.0,98.0,-28.0,17.0,-72.0,39.0,40.0,24.0,40.0,18.0,4.0,18.0,2.0,10.0,2.0,31.0,6.0,31.0,7.0,14.0,7.0,35.0,-32.0,20.0,86.0,-47.0,-4.0,-3.0,121.0,36.0,-8.0,99.0,-36.0,17.0,-72.0,39.0,35.0,31.0,35.0,20.0,10.0,20.0,3.0,18.0,3.0,8.0,6.0,8.0,7.0,14.0,7.0,12
52.0,38.0,16.0,39.0,-26.0,-79.0,7.0,113.0,-67.0,-23.0,92.0,-27.0,5.0,-58.0,36.0,42.0,8.0,42.0,49.0,11.0,49.0,5.0,13.0,5.0,39.0,0.0,39.0,3.0,2.0,3.0,42.0,-1.0,67.0,53.0,-37.0,-105.0,7.0,103.0,-17.0,-4.0,105.0,-34.0,5.0,-58.0,36.0,36.0,0.0,36.0,37.0,5.0,37.0,17.0,15.0,17.0,14.0,8.0,14.0,3.0,2.0,3.0,12
47.0,30.0,-11.0,-5.0,-15.0,-146.0,6.0,126.0,11.0,-31.0,92.0,-47.0,1.0,-56.0,40.0,7.0,30.0,7.0,5.0,14.0,5.0,2.0,7.0,2.0,45.0,8.0,45.0,9.0,12.0,9.0,39.0,-1.0,62.0,8.0,-32.0,-164.0,-5.0,118.0,58.0,-9.0,97.0,-36.0,1.0,-56.0,40.0,29.0,21.0,29.0,8.0,22.0,8.0,5.0,10.0,5.0,29.0,1.0,29.0,9.0,12.0,9.0,12
27.0,60.0,24.0,19.0,-29.0,-117.0,4.0,119.0,-17.0,-38.0,84.0,-33.0,-4.0,-68.0,50.0,19.0,9.0,19.0,19.0,3.0,19.0,4.0,2.0,4.0,38.0,23.0,38.0,4.0,4.0,4.0,5.0,20.0,90.0,27.0,-54.0,-125.0,0.0,108.0,31.0,-19.0,96.0,-29.0,-4.0,-68.0,50.0,17.0,5.0,17.0,27.0,7.0,27.0,0.0,11.0,0.0,19.0,9.0,19.0,4.0,4.0,4.0,12
4.0,69.0,14.0,27.0,-32.0,-92.0,8.0,121.0,8.0,-23.0,107.0,-10.0,8.0,-72.0,46.0,2.0,2.0,2.0,27.0,4.0,27.0,10.0,4.0,10.0,27.0,2.0,27.0,14.0,10.0,14.0,-6.0,25.0,62.0,50.0,-61.0,-107.0,2.0,119.0,61.0,0.0,105.0,-15.0,8.0,-72.0,46.0,34.0,10.0,34.0,38.0,1.0,38.0,14.0,8.0,14.0,4.0,3.0,4.0,14.0,10.0,14.0,12
3.0,71.0,5.0,32.0,-36.0,-68.0,-1.0,117.0,8.0,-25.0,109.0,-1.0,-3.0,-62.0,37.0,3.0,14.0,3.0,4.0,15.0,4.0,37.0,5.0,37.0,25.0,1.0,25.0,19.0,4.0,19.0,-20.0,35.0,42.0,44.0,-60.0,-91.0,-6.0,111.0,60.0,-2.0,108.0,-7.0,-3.0,-62.0,37.0,20.0,10.0,20.0,16.0,18.0,16.0,62.0,8.0,62.0,2.0,3.0,2.0,19.0,4.0,19.0,12
15.0,57.0,12.0,18.0,-51.0,-66.0,-19.0,112.0,16.0,-12.0,108.0,-26.0,-11.0,-58.0,38.0,5.0,8.0,5.0,0.0,5.0,0.0,19.0,1.0,19.0,12.0,3.0,12.0,11.0,11.0,11.0,-15.0,25.0,29.0,30.0,-78.0,-83.0,-34.0,103.0,53.0,10.0,105.0,-8.0,-11.0,-58.0,38.0,17.0,1.0,17.0,28.0,1.0,28.0,34.0,5.0,34.0,10.0,5.0,10.0,11.0,11.0,11.0,12
5.0,65.0,7.0,9.0,-46.0,-69.0,1.0,113.0,-28.0,-3.0,111.0,-23.0,-4.0,-69.0,35.0,5.0,65.0,5.0,9.0,-46.0,9.0,1.0,113.0,1.0,-3.0,111.0,-3.0,-4.0,-69.0,-4.0,-16.0,24.0,27.0,29.0,-77.0,-69.0,-15.0,108.0,14.0,18.0,110.0,-5.0,-4.0,-69.0,35.0,-16.0,24.0,-16.0,29.0,-77.0,29.0,-15.0,108.0,-15.0,18.0,110.0,18.0,-4.0,-69.0,-4.0,12
