left_arm_local_X,left_arm_local_Y,left_arm_local_Z,right_arm_local_X,right_arm_local_Y,right_arm_local_Z,left_leg_local_X,left_leg_local_Y,left_leg_local_Z,right_leg_local_X,right_leg_local_Y,right_leg_local_Z,waist_head_local_X,waist_head_local_Y,waist_head_local_Z,left_arm_local_distX,left_arm_local__distY,left_arm_local__distZ,right_arm_local__distX,right_arm_local__distY,right_arm_local__distZ,left_leg_local__distX,left_leg_local__distY,left_leg_local__distZ,right_leg_local__distX,right_leg_local__distY,right_leg_local__distZ,waist_head_local__distX,waist_head_local__distY,waist_head_local__distZ,left_arm_global_X,left_arm_global_Y,left_arm_global_Z,right_arm_global_X,right_arm_global_Y,right_arm_global_Z,left_leg_global_X,left_leg_global_Y,left_leg_global_Z,right_leg_global_X,right_leg_global_Y,right_leg_global_Z,waist_head_global_X,waist_head_global_Y,waist_head_global_Z,left_arm_global_distX,left_arm_global__distY,left_arm_global__distZ,right_arm_global__distX,right_arm_global__distY,right_arm_global__distZ,left_leg_global__distX,left_leg_global__distY,left_leg_global__distZ,right_leg_global__distX,right_leg_global__distY,right_global__leg_distZ,waist_head_global__distX,waist_head_global__distY,waist_head_global__distZ,label
-10.0,68.0,23.0,3.0,67.0,21.0,13.0,100.0,-3.0,-14.0,101.0,-14.0,-2.0,-68.0,32.0,12.0,0.0,12.0,3.0,1.0,3.0,9.0,0.0,9.0,14.0,0.0,14.0,6.0,0.0,6.0,-29.0,31.0,26.0,21.0,30.0,34.0,-9.0,100.0,23.0,5.0,101.0,17.0,-2.0,-68.0,32.0,33.0,0.0,33.0,19.0,0.0,19.0,13.0,0.0,13.0,3.0,0.0,3.0,6.0,0.0,6.0,15
-11.0,68.0,20.0,3.0,68.0,19.0,11.0,100.0,0.0,-14.0,101.0,-15.0,-4.0,-68.0,33.0,13.0,0.0,13.0,1.0,0.0,1.0,11.0,0.0,11.0,14.0,0.0,14.0,4.0,1.0,4.0,-31.0,31.0,26.0,20.0,30.0,32.0,-11.0,100.0,25.0,4.0,101.0,18.0,-4.0,-68.0,33.0,31.0,1.0,31.0,18.0,0.0,18.0,11.0,0.0,11.0,4.0,0.0,4.0,4.0,1.0,4.0,15
-12.0,68.0,20.0,1.0,68.0,22.0,12.0,100.0,0.0,-14.0,101.0,-16.0,-3.0,-67.0,34.0,12.0,0.0,12.0,1.0,0.0,1.0,12.0,0.0,12.0,14.0,0.0,14.0,5.0,1.0,5.0,-31.0,32.0,24.0,19.0,30.0,34.0,-10.0,100.0,24.0,4.0,101.0,18.0,-3.0,-67.0,34.0,31.0,1.0,31.0,19.0,0.0,19.0,10.0,0.0,10.0,4.0,0.0,4.0,5.0,1.0,5.0,15
-11.0,68.0,22.0,3.0,68.0,21.0,13.0,100.0,-1.0,-13.0,101.0,-15.0,-4.0,-68.0,34.0,11.0,1.0,11.0,3.0,1.0,3.0,13.0,1.0,13.0,13.0,0.0,13.0,4.0,0.0,4.0,-31.0,31.0,27.0,19.0,30.0,35.0,-10.0,100.0,23.0,5.0,101.0,18.0,-4.0,-68.0,34.0,31.0,1.0,31.0,19.0,1.0,19.0,10.0,1.0,10.0,5.0,1.0,5.0,4.0,0.0,4.0,15
-11.0,67.0,26.0,3.0,67.0,20.0,14.0,99.0,0.0,-12.0,101.0,-13.0,-4.0,-68.0,35.0,13.0,1.0,13.0,3.0,1.0,3.0,14.0,0.0,14.0,12.0,0.0,12.0,4.0,0.0,4.0,-31.0,30.0,33.0,20.0,29.0,32.0,-8.0,99.0,25.0,6.0,100.0,18.0,-4.0,-68.0,35.0,31.0,1.0,31.0,20.0,1.0,20.0,8.0,0.0,8.0,6.0,1.0,6.0,4.0,0.0,4.0,15
-12.0,68.0,25.0,3.0,68.0,23.0,14.0,99.0,-4.0,-11.0,101.0,-10.0,-4.0,-68.0,38.0,12.0,0.0,12.0,3.0,0.0,3.0,14.0,0.0,14.0,13.0,1.0,13.0,6.0,0.0,6.0,-31.0,31.0,33.0,21.0,30.0,36.0,-7.0,99.0,24.0,8.0,101.0,19.0,-4.0,-68.0,38.0,33.0,0.0,33.0,21.0,0.0,21.0,9.0,0.0,9.0,4.0,0.0,4.0,6.0,0.0,6.0,15
-11.0,68.0,23.0,5.0,68.0,21.0,15.0,99.0,-2.0,-12.0,102.0,-14.0,-5.0,-68.0,38.0,11.0,0.0,11.0,5.0,0.0,5.0,15.0,1.0,15.0,12.0,1.0,12.0,5.0,0.0,5.0,-32.0,31.0,30.0,21.0,30.0,34.0,-8.0,99.0,24.0,6.0,101.0,18.0,-5.0,-68.0,38.0,32.0,1.0,32.0,21.0,0.0,21.0,8.0,1.0,8.0,6.0,1.0,6.0,5.0,0.0,5.0,15
-10.0,68.0,17.0,5.0,68.0,22.0,15.0,100.0,0.0,-11.0,101.0,-14.0,-5.0,-68.0,39.0,10.0,0.0,10.0,1.0,1.0,1.0,13.0,0.0,13.0,11.0,0.0,11.0,5.0,1.0,5.0,-30.0,30.0,23.0,21.0,30.0,36.0,-7.0,100.0,24.0,7.0,100.0,18.0,-5.0,-68.0,39.0,30.0,1.0,30.0,19.0,0.0,19.0,9.0,0.0,9.0,7.0,1.0,7.0,5.0,1.0,5.0,15
-10.0,68.0,15.0,3.0,67.0,20.0,14.0,100.0,-1.0,-11.0,101.0,-12.0,-4.0,-67.0,40.0,12.0,1.0,12.0,3.0,1.0,3.0,14.0,1.0,14.0,11.0,0.0,11.0,8.0,1.0,8.0,-30.0,31.0,22.0,20.0,30.0,34.0,-8.0,100.0,26.0,7.0,101.0,19.0,-4.0,-67.0,40.0,34.0,1.0,34.0,20.0,0.0,20.0,8.0,1.0,8.0,7.0,0.0,7.0,8.0,1.0,8.0,15
-11.0,69.0,22.0,5.0,68.0,20.0,16.0,99.0,-4.0,-11.0,101.0,-12.0,-6.0,-68.0,41.0,11.0,3.0,11.0,5.0,1.0,5.0,16.0,0.0,16.0,11.0,0.0,11.0,6.0,0.0,6.0,-32.0,32.0,29.0,20.0,30.0,36.0,-6.0,99.0,22.0,7.0,101.0,20.0,-6.0,-68.0,41.0,32.0,2.0,32.0,20.0,0.0,20.0,6.0,1.0,6.0,7.0,1.0,7.0,6.0,0.0,6.0,15
-6.0,66.0,10.0,7.0,69.0,16.0,16.0,99.0,-1.0,-9.0,101.0,-11.0,-6.0,-68.0,44.0,6.0,1.0,6.0,7.0,1.0,7.0,16.0,0.0,16.0,9.0,0.0,9.0,8.0,2.0,8.0,-27.0,30.0,21.0,23.0,30.0,33.0,-6.0,100.0,26.0,9.0,100.0,20.0,-6.0,-68.0,44.0,29.0,3.0,29.0,23.0,1.0,23.0,6.0,1.0,6.0,9.0,1.0,9.0,8.0,2.0,8.0,15
-6.0,67.0,10.0,10.0,68.0,22.0,17.0,99.0,-2.0,-8.0,101.0,-6.0,-7.0,-66.0,46.0,6.0,2.0,6.0,10.0,2.0,10.0,17.0,0.0,17.0,8.0,2.0,8.0,17.0,1.0,17.0,-28.0,33.0,24.0,25.0,29.0,35.0,-4.0,101.0,27.0,11.0,101.0,22.0,-7.0,-66.0,46.0,30.0,1.0,30.0,23.0,3.0,23.0,4.0,0.0,4.0,11.0,0.0,11.0,17.0,1.0,17.0,15
-4.0,69.0,17.0,12.0,66.0,20.0,20.0,99.0,-2.0,-6.0,103.0,3.0,-12.0,-67.0,51.0,4.0,1.0,4.0,12.0,3.0,12.0,18.0,0.0,18.0,6.0,1.0,6.0,12.0,0.0,12.0,-29.0,34.0,37.0,24.0,26.0,35.0,-1.0,101.0,30.0,14.0,101.0,29.0,-12.0,-67.0,51.0,29.0,0.0,29.0,24.0,2.0,24.0,1.0,2.0,1.0,14.0,1.0,14.0,12.0,0.0,12.0,15
-1.0,68.0,14.0,15.0,63.0,11.0,19.0,99.0,-2.0,4.0,104.0,9.0,-12.0,-67.0,55.0,1.0,1.0,1.0,15.0,1.0,15.0,19.0,2.0,19.0,4.0,4.0,4.0,12.0,0.0,12.0,-27.0,34.0,39.0,26.0,24.0,27.0,-1.0,103.0,30.0,24.0,100.0,34.0,-12.0,-67.0,55.0,27.0,0.0,27.0,26.0,1.0,26.0,1.0,1.0,1.0,24.0,6.0,24.0,12.0,0.0,12.0,15
0.0,69.0,9.0,21.0,62.0,20.0,21.0,97.0,-7.0,24.0,100.0,12.0,-12.0,-67.0,56.0,0.0,0.0,0.0,21.0,4.0,21.0,21.0,0.0,21.0,24.0,15.0,24.0,12.0,1.0,12.0,-27.0,34.0,38.0,31.0,23.0,37.0,1.0,102.0,27.0,43.0,94.0,35.0,-12.0,-67.0,56.0,27.0,2.0,27.0,31.0,2.0,31.0,1.0,1.0,1.0,43.0,17.0,43.0,12.0,1.0,12.0,15
2.0,69.0,11.0,29.0,58.0,17.0,22.0,97.0,-2.0,53.0,85.0,28.0,-11.0,-66.0,59.0,2.0,0.0,2.0,29.0,2.0,29.0,22.0,0.0,22.0,53.0,19.0,53.0,11.0,2.0,11.0,-25.0,36.0,45.0,40.0,21.0,35.0,3.0,103.0,34.0,72.0,77.0,50.0,-11.0,-66.0,59.0,27.0,0.0,27.0,40.0,1.0,40.0,3.0,1.0,3.0,72.0,18.0,72.0,11.0,2.0,11.0,15
0.0,69.0,11.0,33.0,56.0,10.0,24.0,97.0,-3.0,69.0,66.0,33.0,-10.0,-64.0,62.0,0.0,0.0,0.0,33.0,4.0,33.0,24.0,1.0,24.0,69.0,22.0,69.0,10.0,1.0,10.0,-26.0,36.0,45.0,44.0,20.0,28.0,5.0,104.0,32.0,88.0,59.0,55.0,-10.0,-64.0,62.0,26.0,1.0,26.0,44.0,3.0,44.0,5.0,1.0,5.0,88.0,20.0,88.0,10.0,1.0,10.0,15
0.0,69.0,13.0,41.0,52.0,4.0,29.0,96.0,-10.0,79.0,44.0,41.0,-8.0,-65.0,61.0,8.0,0.0,8.0,41.0,3.0,41.0,29.0,0.0,29.0,79.0,20.0,79.0,8.0,1.0,8.0,-26.0,35.0,47.0,53.0,17.0,22.0,11.0,103.0,25.0,99.0,39.0,62.0,-8.0,-65.0,61.0,32.0,0.0,32.0,53.0,3.0,53.0,11.0,1.0,11.0,99.0,19.0,99.0,8.0,1.0,8.0,15
-4.0,69.0,11.0,45.0,49.0,-14.0,29.0,96.0,-4.0,82.0,24.0,51.0,-5.0,-64.0,58.0,6.0,0.0,6.0,41.0,1.0,41.0,27.0,1.0,27.0,82.0,3.0,82.0,5.0,1.0,5.0,-29.0,35.0,43.0,57.0,14.0,-1.0,11.0,104.0,32.0,103.0,20.0,69.0,-5.0,-64.0,58.0,31.0,1.0,31.0,53.0,1.0,53.0,11.0,1.0,11.0,103.0,1.0,103.0,5.0,1.0,5.0,15
-5.0,69.0,21.0,43.0,50.0,-17.0,28.0,95.0,-6.0,83.0,27.0,54.0,-5.0,-65.0,58.0,7.0,1.0,7.0,39.0,3.0,39.0,28.0,0.0,28.0,81.0,13.0,81.0,7.0,1.0,7.0,-30.0,34.0,56.0,55.0,15.0,-7.0,12.0,103.0,33.0,104.0,21.0,69.0,-5.0,-65.0,58.0,32.0,0.0,32.0,51.0,2.0,51.0,12.0,1.0,12.0,100.0,12.0,100.0,7.0,1.0,7.0,15
-6.0,70.0,11.0,41.0,53.0,-15.0,28.0,95.0,-5.0,82.0,40.0,56.0,-6.0,-66.0,59.0,6.0,2.0,6.0,33.0,1.0,33.0,28.0,0.0,28.0,58.0,25.0,58.0,8.0,1.0,8.0,-31.0,34.0,48.0,53.0,17.0,-1.0,12.0,102.0,35.0,102.0,33.0,73.0,-6.0,-66.0,59.0,31.0,0.0,31.0,47.0,2.0,47.0,8.0,0.0,8.0,78.0,25.0,78.0,8.0,1.0,8.0,15
-5.0,68.0,24.0,37.0,54.0,-9.0,28.0,95.0,-9.0,70.0,65.0,48.0,-7.0,-65.0,57.0,5.0,2.0,5.0,25.0,5.0,25.0,20.0,1.0,20.0,32.0,23.0,32.0,11.0,1.0,11.0,-30.0,34.0,58.0,50.0,19.0,4.0,10.0,102.0,28.0,90.0,58.0,67.0,-7.0,-65.0,57.0,32.0,1.0,32.0,34.0,4.0,34.0,2.0,0.0,2.0,50.0,23.0,50.0,11.0,1.0,11.0,15
-5.0,70.0,17.0,31.0,59.0,-14.0,24.0,96.0,-8.0,51.0,88.0,33.0,-9.0,-66.0,57.0,5.0,2.0,5.0,23.0,1.0,23.0,20.0,0.0,20.0,13.0,11.0,13.0,11.0,1.0,11.0,-31.0,35.0,48.0,42.0,23.0,2.0,6.0,102.0,26.0,70.0,81.0,55.0,-9.0,-66.0,57.0,31.0,2.0,31.0,36.0,1.0,36.0,0.0,1.0,0.0,34.0,11.0,34.0,11.0,1.0,11.0,15
-3.0,68.0,14.0,27.0,60.0,-12.0,22.0,96.0,-2.0,32.0,99.0,33.0,-10.0,-67.0,54.0,3.0,1.0,3.0,19.0,1.0,19.0,18.0,2.0,18.0,20.0,6.0,20.0,12.0,1.0,12.0,-29.0,33.0,44.0,39.0,22.0,4.0,3.0,101.0,33.0,52.0,92.0,55.0,-10.0,-67.0,54.0,29.0,1.0,29.0,29.0,0.0,29.0,3.0,0.0,3.0,0.0,8.0,0.0,12.0,1.0,12.0,15
-3.0,67.0,9.0,23.0,61.0,-1.0,20.0,98.0,-1.0,6.0,105.0,19.0,-11.0,-68.0,51.0,5.0,0.0,5.0,23.0,1.0,23.0,20.0,1.0,20.0,14.0,1.0,14.0,11.0,1.0,11.0,-29.0,32.0,34.0,34.0,22.0,15.0,0.0,101.0,32.0,26.0,100.0,43.0,-11.0,-68.0,51.0,29.0,0.0,29.0,34.0,0.0,34.0,0.0,0.0,0.0,4.0,0.0,4.0,11.0,1.0,11.0,15
-4.0,67.0,16.0,23.0,62.0,6.0,21.0,99.0,-2.0,-4.0,104.0,10.0,-11.0,-67.0,50.0,10.0,1.0,10.0,17.0,1.0,17.0,15.0,0.0,15.0,14.0,1.0,14.0,11.0,0.0,11.0,-29.0,32.0,34.0,34.0,22.0,23.0,1.0,101.0,30.0,15.0,100.0,36.0,-11.0,-67.0,50.0,33.0,1.0,33.0,32.0,1.0,32.0,7.0,0.0,7.0,5.0,1.0,5.0,11.0,0.0,11.0,15
-7.0,68.0,23.0,20.0,63.0,10.0,18.0,99.0,1.0,-9.0,103.0,3.0,-10.0,-67.0,50.0,7.0,0.0,7.0,12.0,2.0,12.0,10.0,1.0,10.0,11.0,0.0,11.0,10.0,0.0,10.0,-31.0,33.0,38.0,33.0,23.0,27.0,-3.0,101.0,30.0,10.0,101.0,31.0,-10.0,-67.0,50.0,31.0,0.0,31.0,29.0,2.0,29.0,11.0,0.0,11.0,6.0,1.0,6.0,10.0,0.0,10.0,15
-4.0,68.0,12.0,16.0,65.0,23.0,14.0,100.0,5.0,-10.0,103.0,-2.0,-7.0,-67.0,46.0,8.0,2.0,8.0,10.0,1.0,10.0,12.0,0.0,12.0,14.0,1.0,14.0,7.0,0.0,7.0,-26.0,33.0,24.0,31.0,25.0,40.0,-7.0,101.0,30.0,8.0,102.0,30.0,-7.0,-67.0,46.0,28.0,2.0,28.0,25.0,1.0,25.0,11.0,0.0,11.0,4.0,1.0,4.0,7.0,0.0,7.0,15
-6.0,66.0,6.0,13.0,66.0,27.0,13.0,100.0,5.0,-12.0,102.0,-5.0,-6.0,-67.0,44.0,10.0,1.0,10.0,5.0,0.0,5.0,13.0,0.0,13.0,12.0,0.0,12.0,6.0,0.0,6.0,-27.0,31.0,15.0,28.0,26.0,45.0,-9.0,101.0,29.0,6.0,101.0,29.0,-6.0,-67.0,44.0,31.0,1.0,31.0,22.0,2.0,22.0,9.0,0.0,9.0,6.0,1.0,6.0,6.0,0.0,6.0,15
-8.0,67.0,6.0,9.0,66.0,31.0,14.0,100.0,3.0,-11.0,102.0,-7.0,-5.0,-67.0,42.0,8.0,3.0,8.0,1.0,1.0,1.0,12.0,1.0,12.0,13.0,1.0,13.0,7.0,0.0,7.0,-29.0,32.0,15.0,25.0,28.0,47.0,-8.0,101.0,28.0,7.0,102.0,26.0,-5.0,-67.0,42.0,29.0,3.0,29.0,15.0,1.0,15.0,12.0,1.0,12.0,3.0,1.0,3.0,7.0,0.0,7.0,15
-8.0,64.0,4.0,5.0,67.0,31.0,13.0,99.0,3.0,-12.0,101.0,-11.0,-6.0,-67.0,39.0,12.0,4.0,12.0,3.0,2.0,3.0,9.0,1.0,9.0,14.0,0.0,14.0,6.0,1.0,6.0,-29.0,29.0,8.0,20.0,29.0,48.0,-10.0,100.0,27.0,5.0,101.0,23.0,-6.0,-67.0,39.0,31.0,3.0,31.0,20.0,1.0,20.0,12.0,0.0,12.0,3.0,0.0,3.0,6.0,1.0,6.0,15
-10.0,68.0,17.0,4.0,69.0,34.0,11.0,100.0,5.0,-13.0,101.0,-14.0,-5.0,-68.0,37.0,16.0,1.0,16.0,2.0,3.0,2.0,11.0,1.0,11.0,15.0,1.0,15.0,7.0,0.0,7.0,-30.0,32.0,20.0,20.0,30.0,51.0,-11.0,100.0,27.0,4.0,101.0,21.0,-5.0,-68.0,37.0,36.0,1.0,36.0,14.0,2.0,14.0,11.0,1.0,11.0,2.0,1.0,2.0,7.0,0.0,7.0,15
-13.0,67.0,14.0,1.0,66.0,22.0,14.0,99.0,-7.0,-14.0,100.0,-20.0,-6.0,-68.0,34.0,13.0,0.0,13.0,1.0,3.0,1.0,12.0,1.0,12.0,16.0,1.0,16.0,6.0,1.0,6.0,-33.0,31.0,17.0,17.0,28.0,38.0,-8.0,99.0,14.0,3.0,100.0,16.0,-6.0,-68.0,34.0,33.0,1.0,33.0,17.0,2.0,17.0,12.0,1.0,12.0,1.0,1.0,1.0,6.0,1.0,6.0,15
-6.0,67.0,15.0,5.0,69.0,28.0,13.0,100.0,-1.0,-15.0,101.0,-15.0,-6.0,-67.0,37.0,14.0,1.0,14.0,5.0,1.0,5.0,11.0,0.0,11.0,15.0,1.0,15.0,6.0,1.0,6.0,-27.0,32.0,19.0,20.0,30.0,44.0,-10.0,100.0,21.0,2.0,101.0,20.0,-6.0,-67.0,37.0,35.0,1.0,35.0,20.0,0.0,20.0,10.0,0.0,10.0,2.0,0.0,2.0,6.0,1.0,6.0,15
-10.0,68.0,24.0,7.0,68.0,30.0,12.0,100.0,-1.0,-15.0,100.0,-17.0,-5.0,-68.0,36.0,10.0,3.0,10.0,5.0,3.0,5.0,10.0,0.0,10.0,17.0,0.0,17.0,7.0,1.0,7.0,-31.0,33.0,28.0,22.0,30.0,48.0,-10.0,100.0,20.0,2.0,101.0,19.0,-5.0,-68.0,36.0,31.0,4.0,31.0,20.0,3.0,20.0,14.0,0.0,14.0,0.0,0.0,0.0,7.0,1.0,7.0,15
-4.0,65.0,12.0,6.0,65.0,19.0,11.0,100.0,2.0,-16.0,100.0,-17.0,-6.0,-67.0,38.0,4.0,1.0,4.0,6.0,3.0,6.0,11.0,1.0,11.0,16.0,0.0,16.0,6.0,0.0,6.0,-25.0,29.0,16.0,21.0,27.0,37.0,-12.0,100.0,23.0,1.0,101.0,19.0,-6.0,-67.0,38.0,25.0,0.0,25.0,21.0,2.0,21.0,12.0,0.0,12.0,1.0,0.0,1.0,6.0,0.0,6.0,15
-4.0,64.0,10.0,7.0,68.0,23.0,11.0,101.0,0.0,-15.0,100.0,-14.0,-5.0,-67.0,38.0,4.0,1.0,4.0,5.0,2.0,5.0,11.0,1.0,11.0,15.0,0.0,15.0,5.0,0.0,5.0,-25.0,29.0,16.0,23.0,29.0,39.0,-11.0,100.0,23.0,2.0,101.0,20.0,-5.0,-67.0,38.0,25.0,1.0,25.0,21.0,1.0,21.0,11.0,0.0,11.0,2.0,0.0,2.0,5.0,0.0,5.0,15
-4.0,65.0,12.0,6.0,66.0,18.0,11.0,100.0,1.0,-15.0,100.0,-14.0,-5.0,-67.0,40.0,-4.0,65.0,-4.0,6.0,66.0,6.0,11.0,100.0,11.0,-15.0,100.0,-15.0,-5.0,-67.0,-5.0,-25.0,30.0,18.0,22.0,28.0,34.0,-11.0,100.0,24.0,2.0,101.0,20.0,-5.0,-67.0,40.0,-25.0,30.0,-25.0,22.0,28.0,22.0,-11.0,100.0,-11.0,2.0,101.0,2.0,-5.0,-67.0,-5.0,15
