left_arm_local_X,left_arm_local_Y,left_arm_local_Z,right_arm_local_X,right_arm_local_Y,right_arm_local_Z,left_leg_local_X,left_leg_local_Y,left_leg_local_Z,right_leg_local_X,right_leg_local_Y,right_leg_local_Z,waist_head_local_X,waist_head_local_Y,waist_head_local_Z,left_arm_local_distX,left_arm_local__distY,left_arm_local__distZ,right_arm_local__distX,right_arm_local__distY,right_arm_local__distZ,left_leg_local__distX,left_leg_local__distY,left_leg_local__distZ,right_leg_local__distX,right_leg_local__distY,right_leg_local__distZ,waist_head_local__distX,waist_head_local__distY,waist_head_local__distZ,left_arm_global_X,left_arm_global_Y,left_arm_global_Z,right_arm_global_X,right_arm_global_Y,right_arm_global_Z,left_leg_global_X,left_leg_global_Y,left_leg_global_Z,right_leg_global_X,right_leg_global_Y,right_leg_global_Z,waist_head_global_X,waist_head_global_Y,waist_head_global_Z,left_arm_global_distX,left_arm_global__distY,left_arm_global__distZ,right_arm_global__distX,right_arm_global__distY,right_arm_global__distZ,left_leg_global__distX,left_leg_global__distY,left_leg_global__distZ,right_leg_global__distX,right_leg_global__distY,right_global__leg_distZ,waist_head_global__distX,waist_head_global__distY,waist_head_global__distZ,label
-4.0,66.0,-17.0,0.0,66.0,19.0,7.0,107.0,11.0,-10.0,107.0,10.0,-2.0,-67.0,25.0,4.0,0.0,4.0,0.0,1.0,0.0,7.0,0.0,7.0,10.0,1.0,10.0,2.0,0.0,2.0,-25.0,28.0,-16.0,18.0,28.0,23.0,-12.0,105.0,34.0,7.0,106.0,36.0,-2.0,-67.0,25.0,25.0,1.0,25.0,18.0,1.0,18.0,12.0,0.0,12.0,7.0,1.0,7.0,2.0,0.0,2.0,16
-4.0,66.0,12.0,1.0,67.0,12.0,10.0,107.0,8.0,-7.0,106.0,8.0,-1.0,-67.0,23.0,6.0,0.0,6.0,1.0,1.0,1.0,10.0,0.0,10.0,7.0,2.0,7.0,3.0,1.0,3.0,-24.0,29.0,11.0,20.0,29.0,16.0,-9.0,105.0,32.0,10.0,105.0,34.0,-1.0,-67.0,23.0,26.0,1.0,26.0,20.0,0.0,20.0,9.0,0.0,9.0,10.0,1.0,10.0,3.0,1.0,3.0,16
-5.0,66.0,29.0,1.0,68.0,13.0,11.0,107.0,8.0,-6.0,108.0,11.0,-2.0,-68.0,21.0,5.0,2.0,5.0,1.0,0.0,1.0,9.0,0.0,9.0,8.0,0.0,8.0,4.0,0.0,4.0,-25.0,28.0,28.0,20.0,29.0,17.0,-8.0,105.0,32.0,11.0,106.0,36.0,-2.0,-68.0,21.0,27.0,1.0,27.0,18.0,0.0,18.0,10.0,1.0,10.0,9.0,0.0,9.0,4.0,0.0,4.0,16
-4.0,64.0,44.0,2.0,68.0,19.0,10.0,107.0,3.0,-7.0,108.0,9.0,-3.0,-68.0,20.0,4.0,0.0,4.0,2.0,2.0,2.0,10.0,1.0,10.0,7.0,1.0,7.0,3.0,0.0,3.0,-26.0,27.0,43.0,19.0,29.0,22.0,-9.0,104.0,26.0,10.0,106.0,34.0,-3.0,-68.0,20.0,26.0,1.0,26.0,19.0,2.0,19.0,9.0,1.0,9.0,10.0,1.0,10.0,3.0,0.0,3.0,16
-4.0,64.0,47.0,2.0,66.0,20.0,14.0,106.0,5.0,-5.0,109.0,12.0,-2.0,-68.0,22.0,4.0,2.0,4.0,2.0,1.0,2.0,12.0,0.0,12.0,5.0,1.0,5.0,2.0,1.0,2.0,-25.0,26.0,51.0,21.0,27.0,22.0,-5.0,105.0,30.0,13.0,107.0,35.0,-2.0,-68.0,22.0,25.0,2.0,25.0,21.0,1.0,21.0,7.0,1.0,7.0,13.0,0.0,13.0,2.0,1.0,2.0,16
-3.0,62.0,50.0,3.0,67.0,13.0,13.0,106.0,7.0,-4.0,110.0,14.0,-2.0,-69.0,22.0,3.0,0.0,3.0,3.0,0.0,3.0,13.0,1.0,13.0,4.0,1.0,4.0,4.0,0.0,4.0,-24.0,24.0,57.0,21.0,28.0,14.0,-6.0,104.0,31.0,13.0,107.0,38.0,-2.0,-69.0,22.0,26.0,1.0,26.0,21.0,0.0,21.0,6.0,0.0,6.0,13.0,1.0,13.0,4.0,0.0,4.0,16
-3.0,62.0,50.0,3.0,67.0,10.0,14.0,105.0,3.0,-3.0,111.0,18.0,-3.0,-69.0,26.0,9.0,0.0,9.0,3.0,1.0,3.0,12.0,2.0,12.0,11.0,1.0,11.0,5.0,0.0,5.0,-25.0,23.0,62.0,21.0,28.0,12.0,-5.0,104.0,29.0,14.0,108.0,41.0,-3.0,-69.0,26.0,31.0,1.0,31.0,21.0,0.0,21.0,7.0,2.0,7.0,8.0,1.0,8.0,5.0,0.0,5.0,16
-6.0,62.0,39.0,5.0,66.0,17.0,13.0,107.0,2.0,-7.0,110.0,12.0,-4.0,-69.0,31.0,6.0,3.0,6.0,5.0,1.0,5.0,7.0,2.0,7.0,9.0,0.0,9.0,4.0,0.0,4.0,-28.0,24.0,53.0,22.0,28.0,23.0,-6.0,106.0,28.0,11.0,109.0,35.0,-4.0,-69.0,31.0,28.0,3.0,28.0,22.0,3.0,22.0,10.0,2.0,10.0,9.0,1.0,9.0,4.0,0.0,4.0,16
-3.0,65.0,16.0,5.0,65.0,36.0,10.0,109.0,9.0,-8.0,110.0,10.0,-3.0,-69.0,34.0,3.0,1.0,3.0,1.0,13.0,1.0,10.0,0.0,10.0,14.0,0.0,14.0,7.0,1.0,7.0,-24.0,27.0,27.0,23.0,25.0,47.0,-8.0,108.0,34.0,10.0,108.0,33.0,-3.0,-69.0,34.0,26.0,1.0,26.0,15.0,12.0,15.0,30.0,1.0,30.0,0.0,1.0,0.0,7.0,1.0,7.0,16
-2.0,66.0,-8.0,3.0,52.0,71.0,0.0,109.0,23.0,-11.0,110.0,6.0,-5.0,-68.0,42.0,2.0,7.0,2.0,7.0,43.0,7.0,4.0,6.0,4.0,15.0,2.0,15.0,5.0,5.0,5.0,-25.0,28.0,2.0,19.0,13.0,90.0,-19.0,109.0,44.0,5.0,107.0,34.0,-5.0,-68.0,42.0,25.0,4.0,25.0,9.0,40.0,9.0,23.0,5.0,23.0,1.0,1.0,1.0,5.0,5.0,5.0,16
1.0,59.0,-68.0,-2.0,9.0,84.0,-2.0,103.0,29.0,-13.0,108.0,-7.0,-5.0,-63.0,58.0,1.0,2.0,1.0,12.0,7.0,12.0,2.0,5.0,2.0,13.0,1.0,13.0,5.0,4.0,5.0,-22.0,24.0,-56.0,14.0,-27.0,106.0,-21.0,104.0,50.0,3.0,106.0,22.0,-5.0,-63.0,58.0,22.0,6.0,22.0,10.0,8.0,10.0,21.0,3.0,21.0,3.0,2.0,3.0,5.0,4.0,5.0,16
2.0,57.0,-84.0,-7.0,2.0,68.0,-1.0,108.0,21.0,-10.0,107.0,4.0,0.0,-67.0,56.0,4.0,4.0,4.0,7.0,10.0,7.0,1.0,1.0,1.0,10.0,1.0,10.0,2.0,1.0,2.0,-19.0,18.0,-64.0,12.0,-35.0,88.0,-19.0,107.0,49.0,8.0,108.0,26.0,0.0,-67.0,56.0,25.0,4.0,25.0,12.0,11.0,12.0,19.0,1.0,19.0,8.0,1.0,8.0,2.0,1.0,2.0,16
-1.0,61.0,-59.0,-7.0,12.0,69.0,3.0,109.0,13.0,-9.0,108.0,2.0,-1.0,-68.0,58.0,17.0,4.0,17.0,7.0,42.0,7.0,3.0,1.0,3.0,9.0,1.0,9.0,1.0,1.0,1.0,-22.0,22.0,-34.0,12.0,-24.0,87.0,-16.0,108.0,41.0,9.0,109.0,24.0,-1.0,-68.0,58.0,36.0,4.0,36.0,12.0,41.0,12.0,16.0,1.0,16.0,9.0,1.0,9.0,1.0,1.0,1.0,16
-9.0,65.0,3.0,0.0,54.0,55.0,13.0,110.0,8.0,-1.0,109.0,36.0,2.0,-67.0,47.0,27.0,10.0,27.0,0.0,10.0,0.0,13.0,1.0,13.0,3.0,6.0,3.0,0.0,2.0,0.0,-29.0,26.0,28.0,21.0,17.0,65.0,-4.0,109.0,40.0,18.0,110.0,52.0,2.0,-67.0,47.0,45.0,9.0,45.0,21.0,10.0,21.0,4.0,1.0,4.0,16.0,8.0,16.0,0.0,2.0,0.0,16
-18.0,55.0,60.0,5.0,64.0,23.0,16.0,109.0,4.0,-2.0,103.0,30.0,1.0,-65.0,43.0,18.0,34.0,18.0,5.0,1.0,5.0,12.0,0.0,12.0,4.0,0.0,4.0,3.0,1.0,3.0,-37.0,17.0,82.0,26.0,27.0,28.0,-1.0,108.0,36.0,17.0,102.0,46.0,1.0,-65.0,43.0,37.0,34.0,37.0,26.0,1.0,26.0,7.0,1.0,7.0,15.0,0.0,15.0,3.0,1.0,3.0,16
-16.0,21.0,85.0,9.0,63.0,-5.0,14.0,109.0,6.0,-3.0,103.0,27.0,-1.0,-66.0,45.0,16.0,21.0,16.0,1.0,6.0,1.0,6.0,0.0,6.0,5.0,5.0,5.0,5.0,3.0,5.0,-37.0,-17.0,106.0,28.0,26.0,7.0,-4.0,109.0,36.0,16.0,102.0,46.0,-1.0,-66.0,45.0,37.0,20.0,37.0,14.0,9.0,14.0,14.0,0.0,14.0,12.0,5.0,12.0,5.0,3.0,5.0,16
-5.0,0.0,64.0,4.0,57.0,8.0,10.0,109.0,12.0,-4.0,108.0,16.0,-3.0,-69.0,39.0,9.0,7.0,9.0,2.0,2.0,2.0,4.0,2.0,4.0,8.0,2.0,8.0,3.0,0.0,3.0,-28.0,-37.0,81.0,21.0,17.0,23.0,-9.0,109.0,37.0,14.0,107.0,39.0,-3.0,-69.0,39.0,30.0,6.0,30.0,21.0,2.0,21.0,15.0,2.0,15.0,10.0,2.0,10.0,3.0,0.0,3.0,16
-7.0,7.0,68.0,3.0,59.0,8.0,7.0,111.0,22.0,-6.0,110.0,15.0,-3.0,-69.0,39.0,9.0,10.0,9.0,3.0,9.0,3.0,5.0,1.0,5.0,14.0,1.0,14.0,7.0,3.0,7.0,-29.0,-31.0,79.0,21.0,19.0,23.0,-12.0,111.0,46.0,12.0,109.0,39.0,-3.0,-69.0,39.0,33.0,12.0,33.0,21.0,7.0,21.0,24.0,0.0,24.0,2.0,1.0,2.0,7.0,3.0,7.0,16
-8.0,17.0,68.0,5.0,50.0,43.0,1.0,110.0,37.0,-10.0,111.0,10.0,-5.0,-66.0,40.0,8.0,41.0,8.0,9.0,31.0,9.0,3.0,3.0,3.0,16.0,2.0,16.0,5.0,2.0,5.0,-31.0,-19.0,79.0,21.0,12.0,61.0,-18.0,111.0,60.0,7.0,108.0,36.0,-5.0,-66.0,40.0,31.0,42.0,31.0,7.0,28.0,7.0,22.0,4.0,22.0,1.0,2.0,1.0,5.0,2.0,5.0,16
-3.0,58.0,24.0,-2.0,19.0,79.0,-1.0,107.0,46.0,-13.0,109.0,-3.0,-5.0,-64.0,44.0,3.0,1.0,3.0,8.0,18.0,8.0,5.0,1.0,5.0,13.0,3.0,13.0,5.0,2.0,5.0,-26.0,23.0,34.0,14.0,-16.0,99.0,-20.0,107.0,66.0,3.0,106.0,26.0,-5.0,-64.0,44.0,26.0,1.0,26.0,10.0,19.0,10.0,22.0,0.0,22.0,3.0,0.0,3.0,5.0,2.0,5.0,16
-1.0,59.0,5.0,-5.0,1.0,76.0,-3.0,108.0,32.0,-13.0,106.0,-7.0,-5.0,-66.0,38.0,3.0,1.0,3.0,5.0,1.0,5.0,3.0,1.0,3.0,13.0,1.0,13.0,5.0,1.0,5.0,-24.0,22.0,20.0,12.0,-35.0,89.0,-21.0,107.0,59.0,5.0,106.0,15.0,-5.0,-66.0,38.0,24.0,3.0,24.0,12.0,2.0,12.0,21.0,1.0,21.0,5.0,0.0,5.0,5.0,1.0,5.0,16
-2.0,58.0,-1.0,-5.0,2.0,61.0,1.0,109.0,19.0,-9.0,105.0,-6.0,-3.0,-67.0,41.0,8.0,4.0,8.0,5.0,26.0,5.0,1.0,2.0,1.0,9.0,4.0,9.0,3.0,1.0,3.0,-23.0,19.0,17.0,14.0,-33.0,70.0,-17.0,108.0,49.0,9.0,106.0,12.0,-3.0,-67.0,41.0,29.0,5.0,29.0,14.0,24.0,14.0,17.0,1.0,17.0,9.0,3.0,9.0,3.0,1.0,3.0,16
-5.0,54.0,21.0,-1.0,28.0,66.0,8.0,111.0,11.0,-4.0,109.0,19.0,-2.0,-68.0,39.0,7.0,0.0,7.0,1.0,21.0,1.0,8.0,2.0,8.0,4.0,1.0,4.0,2.0,3.0,2.0,-26.0,14.0,39.0,17.0,-9.0,72.0,-10.0,109.0,41.0,15.0,109.0,37.0,-2.0,-68.0,39.0,26.0,2.0,26.0,17.0,22.0,17.0,10.0,0.0,10.0,15.0,2.0,15.0,2.0,3.0,2.0,16
-6.0,54.0,43.0,4.0,49.0,51.0,12.0,109.0,6.0,1.0,108.0,30.0,0.0,-65.0,37.0,16.0,6.0,16.0,4.0,13.0,4.0,12.0,1.0,12.0,1.0,2.0,1.0,2.0,1.0,2.0,-26.0,16.0,63.0,24.0,13.0,53.0,-5.0,109.0,37.0,20.0,107.0,47.0,0.0,-65.0,37.0,36.0,5.0,36.0,24.0,14.0,24.0,5.0,2.0,5.0,18.0,2.0,18.0,2.0,1.0,2.0,16
-11.0,48.0,72.0,5.0,62.0,23.0,14.0,108.0,2.0,1.0,106.0,31.0,-1.0,-64.0,40.0,13.0,19.0,13.0,5.0,1.0,5.0,12.0,0.0,12.0,3.0,1.0,3.0,1.0,3.0,1.0,-31.0,11.0,94.0,24.0,27.0,28.0,-4.0,107.0,32.0,19.0,105.0,49.0,-1.0,-64.0,40.0,35.0,19.0,35.0,24.0,0.0,24.0,6.0,0.0,6.0,15.0,3.0,15.0,1.0,3.0,1.0,16
-12.0,29.0,85.0,5.0,63.0,-26.0,13.0,108.0,-4.0,-1.0,107.0,33.0,-1.0,-67.0,38.0,12.0,9.0,12.0,5.0,2.0,5.0,9.0,0.0,9.0,9.0,4.0,9.0,3.0,2.0,3.0,-33.0,-8.0,106.0,24.0,27.0,-16.0,-5.0,107.0,26.0,17.0,108.0,51.0,-1.0,-67.0,38.0,33.0,10.0,33.0,22.0,4.0,22.0,9.0,1.0,9.0,9.0,4.0,9.0,3.0,2.0,3.0,16
-8.0,20.0,81.0,5.0,61.0,-40.0,11.0,108.0,0.0,-5.0,111.0,29.0,-2.0,-69.0,36.0,8.0,2.0,8.0,3.0,1.0,3.0,11.0,0.0,11.0,9.0,1.0,9.0,2.0,1.0,2.0,-30.0,-18.0,99.0,23.0,23.0,-29.0,-7.0,108.0,28.0,13.0,112.0,51.0,-2.0,-69.0,36.0,30.0,2.0,30.0,23.0,1.0,23.0,9.0,0.0,9.0,9.0,0.0,9.0,2.0,1.0,2.0,16
-8.0,22.0,75.0,4.0,60.0,-44.0,11.0,108.0,0.0,-7.0,112.0,23.0,-1.0,-68.0,32.0,14.0,18.0,14.0,2.0,3.0,2.0,5.0,2.0,5.0,11.0,3.0,11.0,1.0,0.0,1.0,-29.0,-16.0,90.0,23.0,22.0,-35.0,-8.0,108.0,27.0,11.0,112.0,45.0,-1.0,-68.0,32.0,33.0,18.0,33.0,21.0,3.0,21.0,12.0,0.0,12.0,7.0,3.0,7.0,1.0,0.0,1.0,16
-11.0,40.0,69.0,3.0,63.0,-27.0,8.0,110.0,5.0,-9.0,109.0,17.0,-1.0,-68.0,31.0,11.0,17.0,11.0,1.0,3.0,1.0,2.0,1.0,2.0,11.0,0.0,11.0,1.0,1.0,1.0,-31.0,2.0,81.0,22.0,25.0,-20.0,-10.0,108.0,31.0,9.0,109.0,39.0,-1.0,-68.0,31.0,31.0,16.0,31.0,22.0,2.0,22.0,16.0,1.0,16.0,7.0,2.0,7.0,1.0,1.0,1.0,16
-11.0,57.0,53.0,2.0,66.0,-10.0,5.0,111.0,12.0,-10.0,109.0,20.0,1.0,-69.0,33.0,11.0,10.0,11.0,2.0,1.0,2.0,3.0,0.0,3.0,10.0,1.0,10.0,1.0,0.0,1.0,-31.0,18.0,66.0,22.0,27.0,-2.0,-13.0,109.0,40.0,8.0,107.0,40.0,1.0,-69.0,33.0,31.0,9.0,31.0,22.0,1.0,22.0,15.0,1.0,15.0,8.0,1.0,8.0,1.0,0.0,1.0,16
-6.0,67.0,17.0,2.0,67.0,12.0,4.0,111.0,14.0,-10.0,108.0,18.0,1.0,-69.0,33.0,6.0,0.0,6.0,2.0,1.0,2.0,4.0,0.0,4.0,10.0,0.0,10.0,1.0,0.0,1.0,-26.0,27.0,29.0,22.0,28.0,19.0,-14.0,108.0,42.0,8.0,106.0,38.0,1.0,-69.0,33.0,26.0,1.0,26.0,22.0,0.0,22.0,14.0,1.0,14.0,8.0,0.0,8.0,1.0,0.0,1.0,16
-3.0,67.0,-22.0,2.0,66.0,28.0,6.0,111.0,13.0,-10.0,108.0,16.0,1.0,-69.0,28.0,3.0,3.0,3.0,2.0,0.0,2.0,6.0,0.0,6.0,12.0,0.0,12.0,3.0,1.0,3.0,-22.0,28.0,-12.0,22.0,28.0,33.0,-12.0,109.0,41.0,9.0,106.0,36.0,1.0,-69.0,28.0,22.0,3.0,22.0,16.0,1.0,16.0,14.0,0.0,14.0,5.0,1.0,5.0,3.0,1.0,3.0,16
-2.0,64.0,-42.0,0.0,66.0,32.0,6.0,111.0,16.0,-11.0,108.0,14.0,-1.0,-68.0,25.0,4.0,1.0,4.0,0.0,1.0,0.0,6.0,2.0,6.0,11.0,0.0,11.0,1.0,0.0,1.0,-22.0,25.0,-35.0,19.0,29.0,35.0,-13.0,109.0,42.0,7.0,107.0,36.0,-1.0,-68.0,25.0,22.0,0.0,22.0,19.0,0.0,19.0,13.0,1.0,13.0,7.0,0.0,7.0,1.0,0.0,1.0,16
-3.0,63.0,-49.0,1.0,67.0,27.0,7.0,109.0,10.0,-11.0,108.0,13.0,0.0,-68.0,23.0,3.0,3.0,3.0,1.0,1.0,1.0,7.0,1.0,7.0,15.0,1.0,15.0,4.0,2.0,4.0,-22.0,25.0,-44.0,21.0,29.0,31.0,-11.0,108.0,36.0,7.0,107.0,35.0,0.0,-68.0,23.0,24.0,2.0,24.0,15.0,0.0,15.0,15.0,2.0,15.0,1.0,2.0,1.0,4.0,2.0,4.0,16
-2.0,66.0,-24.0,0.0,68.0,12.0,7.0,108.0,12.0,-13.0,107.0,7.0,-2.0,-70.0,24.0,4.0,0.0,4.0,0.0,0.0,0.0,7.0,1.0,7.0,13.0,0.0,13.0,2.0,1.0,2.0,-23.0,27.0,-25.0,18.0,29.0,19.0,-13.0,106.0,32.0,3.0,105.0,34.0,-2.0,-70.0,24.0,23.0,1.0,23.0,18.0,1.0,18.0,13.0,0.0,13.0,3.0,1.0,3.0,2.0,1.0,2.0,16
-3.0,66.0,-19.0,0.0,68.0,9.0,7.0,107.0,12.0,-12.0,107.0,8.0,-2.0,-69.0,20.0,3.0,2.0,3.0,0.0,1.0,0.0,7.0,0.0,7.0,14.0,1.0,14.0,4.0,0.0,4.0,-23.0,28.0,-21.0,19.0,30.0,18.0,-13.0,106.0,32.0,4.0,106.0,36.0,-2.0,-69.0,20.0,25.0,2.0,25.0,19.0,1.0,19.0,13.0,0.0,13.0,2.0,0.0,2.0,4.0,0.0,4.0,16
-3.0,68.0,5.0,1.0,67.0,10.0,7.0,107.0,10.0,-13.0,108.0,7.0,-3.0,-69.0,20.0,-3.0,68.0,-3.0,1.0,67.0,1.0,7.0,107.0,7.0,-13.0,108.0,-13.0,-3.0,-69.0,-3.0,-24.0,30.0,2.0,19.0,29.0,19.0,-13.0,106.0,29.0,3.0,106.0,36.0,-3.0,-69.0,20.0,-24.0,30.0,-24.0,19.0,29.0,19.0,-13.0,106.0,-13.0,3.0,106.0,3.0,-3.0,-69.0,-3.0,16
