left_arm_local_X,left_arm_local_Y,left_arm_local_Z,right_arm_local_X,right_arm_local_Y,right_arm_local_Z,left_leg_local_X,left_leg_local_Y,left_leg_local_Z,right_leg_local_X,right_leg_local_Y,right_leg_local_Z,waist_head_local_X,waist_head_local_Y,waist_head_local_Z,left_arm_local_distX,left_arm_local__distY,left_arm_local__distZ,right_arm_local__distX,right_arm_local__distY,right_arm_local__distZ,left_leg_local__distX,left_leg_local__distY,left_leg_local__distZ,right_leg_local__distX,right_leg_local__distY,right_leg_local__distZ,waist_head_local__distX,waist_head_local__distY,waist_head_local__distZ,left_arm_global_X,left_arm_global_Y,left_arm_global_Z,right_arm_global_X,right_arm_global_Y,right_arm_global_Z,left_leg_global_X,left_leg_global_Y,left_leg_global_Z,right_leg_global_X,right_leg_global_Y,right_leg_global_Z,waist_head_global_X,waist_head_global_Y,waist_head_global_Z,left_arm_global_distX,left_arm_global__distY,left_arm_global__distZ,right_arm_global__distX,right_arm_global__distY,right_arm_global__distZ,left_leg_global__distX,left_leg_global__distY,left_leg_global__distZ,right_leg_global__distX,right_leg_global__distY,right_global__leg_distZ,waist_head_global__distX,waist_head_global__distY,waist_head_global__distZ,label
-2.0,68.0,10.0,4.0,62.0,-57.0,10.0,108.0,13.0,-5.0,110.0,17.0,-2.0,-70.0,23.0,2.0,1.0,2.0,4.0,6.0,4.0,10.0,1.0,10.0,5.0,1.0,5.0,4.0,0.0,4.0,-23.0,29.0,13.0,23.0,23.0,-48.0,-9.0,106.0,36.0,12.0,107.0,43.0,-2.0,-70.0,23.0,23.0,1.0,23.0,23.0,6.0,23.0,9.0,1.0,9.0,12.0,1.0,12.0,4.0,0.0,4.0,17
-1.0,67.0,8.0,6.0,56.0,-82.0,11.0,107.0,10.0,-4.0,111.0,19.0,-3.0,-70.0,23.0,1.0,1.0,1.0,6.0,2.0,6.0,11.0,0.0,11.0,4.0,1.0,4.0,3.0,1.0,3.0,-23.0,28.0,14.0,24.0,17.0,-78.0,-8.0,105.0,36.0,13.0,108.0,40.0,-3.0,-70.0,23.0,23.0,1.0,23.0,24.0,3.0,24.0,8.0,1.0,8.0,13.0,0.0,13.0,3.0,1.0,3.0,17
0.0,68.0,6.0,6.0,58.0,-70.0,13.0,107.0,7.0,-3.0,110.0,23.0,-1.0,-69.0,27.0,0.0,1.0,0.0,4.0,7.0,4.0,13.0,2.0,13.0,3.0,1.0,3.0,1.0,0.0,1.0,-21.0,29.0,17.0,25.0,20.0,-70.0,-5.0,106.0,35.0,15.0,108.0,42.0,-1.0,-69.0,27.0,21.0,1.0,21.0,23.0,8.0,23.0,5.0,0.0,5.0,15.0,0.0,15.0,1.0,0.0,1.0,17
0.0,69.0,8.0,5.0,65.0,-13.0,14.0,109.0,0.0,-2.0,109.0,25.0,0.0,-69.0,29.0,0.0,0.0,0.0,3.0,1.0,3.0,14.0,1.0,14.0,2.0,0.0,2.0,2.0,0.0,2.0,-20.0,30.0,22.0,24.0,28.0,-16.0,-3.0,106.0,30.0,17.0,108.0,43.0,0.0,-69.0,29.0,22.0,0.0,22.0,22.0,1.0,22.0,5.0,0.0,5.0,15.0,1.0,15.0,2.0,0.0,2.0,17
0.0,69.0,12.0,4.0,66.0,11.0,14.0,108.0,-2.0,-2.0,109.0,25.0,-1.0,-69.0,29.0,0.0,0.0,0.0,2.0,0.0,2.0,14.0,1.0,14.0,2.0,1.0,2.0,1.0,1.0,1.0,-21.0,30.0,25.0,23.0,29.0,8.0,-4.0,106.0,28.0,16.0,107.0,42.0,-1.0,-69.0,29.0,21.0,1.0,21.0,23.0,0.0,23.0,4.0,0.0,4.0,16.0,1.0,16.0,1.0,1.0,1.0,17
1.0,69.0,12.0,3.0,66.0,24.0,14.0,107.0,3.0,-1.0,110.0,27.0,0.0,-68.0,29.0,1.0,0.0,1.0,3.0,1.0,3.0,12.0,0.0,12.0,5.0,0.0,5.0,6.0,0.0,6.0,-19.0,31.0,25.0,23.0,29.0,21.0,-3.0,106.0,35.0,18.0,108.0,43.0,0.0,-68.0,29.0,21.0,0.0,21.0,23.0,2.0,23.0,5.0,1.0,5.0,14.0,0.0,14.0,6.0,0.0,6.0,17
2.0,69.0,14.0,16.0,65.0,37.0,13.0,107.0,6.0,-3.0,110.0,28.0,-3.0,-68.0,30.0,2.0,1.0,2.0,16.0,11.0,16.0,13.0,1.0,13.0,3.0,0.0,3.0,3.0,1.0,3.0,-20.0,31.0,31.0,33.0,27.0,36.0,-4.0,107.0,39.0,16.0,108.0,44.0,-3.0,-68.0,30.0,20.0,0.0,20.0,33.0,11.0,33.0,4.0,1.0,4.0,16.0,0.0,16.0,3.0,1.0,3.0,17
4.0,70.0,18.0,31.0,54.0,47.0,13.0,108.0,4.0,-3.0,110.0,30.0,-3.0,-69.0,33.0,4.0,1.0,4.0,31.0,17.0,31.0,11.0,1.0,11.0,3.0,1.0,3.0,5.0,0.0,5.0,-19.0,31.0,37.0,47.0,16.0,46.0,-3.0,106.0,38.0,17.0,108.0,43.0,-3.0,-69.0,33.0,19.0,1.0,19.0,47.0,18.0,47.0,5.0,0.0,5.0,17.0,1.0,17.0,5.0,0.0,5.0,17
5.0,69.0,17.0,45.0,37.0,45.0,12.0,107.0,5.0,-2.0,109.0,33.0,-4.0,-69.0,37.0,5.0,1.0,5.0,45.0,29.0,45.0,12.0,1.0,12.0,2.0,0.0,2.0,4.0,0.0,4.0,-19.0,30.0,40.0,60.0,-2.0,46.0,-4.0,106.0,40.0,17.0,107.0,45.0,-4.0,-69.0,37.0,19.0,1.0,19.0,60.0,29.0,60.0,4.0,1.0,4.0,17.0,0.0,17.0,4.0,0.0,4.0,17
5.0,70.0,9.0,58.0,8.0,19.0,12.0,108.0,3.0,-1.0,109.0,36.0,-3.0,-69.0,48.0,1.0,0.0,1.0,52.0,16.0,52.0,12.0,0.0,12.0,1.0,0.0,1.0,3.0,2.0,3.0,-18.0,31.0,42.0,74.0,-31.0,19.0,-2.0,107.0,40.0,19.0,107.0,44.0,-3.0,-69.0,48.0,18.0,0.0,18.0,70.0,15.0,70.0,2.0,1.0,2.0,19.0,1.0,19.0,3.0,2.0,3.0,17
3.0,70.0,0.0,55.0,-8.0,1.0,13.0,108.0,3.0,0.0,109.0,40.0,-2.0,-67.0,58.0,1.0,0.0,1.0,47.0,8.0,47.0,13.0,0.0,13.0,0.0,0.0,0.0,2.0,2.0,2.0,-18.0,31.0,42.0,72.0,-46.0,3.0,-1.0,108.0,42.0,20.0,108.0,47.0,-2.0,-67.0,58.0,18.0,0.0,18.0,66.0,8.0,66.0,1.0,0.0,1.0,20.0,0.0,20.0,2.0,2.0,2.0,17
2.0,70.0,-4.0,51.0,-16.0,-20.0,13.0,108.0,-2.0,3.0,109.0,43.0,0.0,-65.0,74.0,4.0,1.0,4.0,45.0,0.0,45.0,13.0,0.0,13.0,3.0,0.0,3.0,0.0,3.0,0.0,-17.0,31.0,45.0,69.0,-54.0,-17.0,1.0,108.0,40.0,23.0,108.0,44.0,0.0,-65.0,74.0,17.0,0.0,17.0,67.0,2.0,67.0,1.0,0.0,1.0,23.0,0.0,23.0,0.0,3.0,0.0,17
-1.0,69.0,-15.0,48.0,-16.0,-57.0,13.0,108.0,-1.0,4.0,109.0,49.0,4.0,-62.0,85.0,3.0,0.0,3.0,42.0,11.0,42.0,13.0,1.0,13.0,4.0,0.0,4.0,4.0,3.0,4.0,-16.0,31.0,44.0,68.0,-52.0,-51.0,3.0,108.0,43.0,25.0,108.0,45.0,4.0,-62.0,85.0,18.0,1.0,18.0,64.0,11.0,64.0,1.0,1.0,1.0,25.0,0.0,25.0,4.0,3.0,4.0,17
-2.0,69.0,-19.0,45.0,-5.0,-77.0,13.0,109.0,2.0,5.0,109.0,53.0,4.0,-59.0,96.0,2.0,2.0,2.0,39.0,21.0,39.0,9.0,1.0,9.0,3.0,0.0,3.0,4.0,1.0,4.0,-17.0,32.0,46.0,66.0,-41.0,-66.0,2.0,109.0,46.0,25.0,108.0,49.0,4.0,-59.0,96.0,19.0,1.0,19.0,58.0,22.0,58.0,6.0,1.0,6.0,17.0,2.0,17.0,4.0,1.0,4.0,17
-1.0,67.0,-21.0,42.0,16.0,-96.0,11.0,110.0,9.0,1.0,109.0,50.0,4.0,-58.0,101.0,1.0,0.0,1.0,12.0,32.0,12.0,5.0,1.0,5.0,11.0,0.0,11.0,2.0,1.0,2.0,-18.0,31.0,45.0,62.0,-19.0,-76.0,-2.0,110.0,50.0,21.0,110.0,54.0,4.0,-58.0,101.0,24.0,1.0,24.0,30.0,34.0,30.0,14.0,1.0,14.0,7.0,2.0,7.0,2.0,1.0,2.0,17
1.0,67.0,-16.0,27.0,48.0,-84.0,8.0,111.0,15.0,-5.0,109.0,41.0,1.0,-59.0,99.0,1.0,2.0,1.0,5.0,20.0,5.0,2.0,1.0,2.0,11.0,0.0,11.0,5.0,3.0,5.0,-21.0,32.0,41.0,46.0,15.0,-49.0,-8.0,111.0,50.0,14.0,112.0,54.0,1.0,-59.0,99.0,23.0,0.0,23.0,22.0,19.0,22.0,18.0,1.0,18.0,6.0,1.0,6.0,5.0,3.0,5.0,17
1.0,69.0,-2.0,16.0,68.0,-21.0,5.0,112.0,23.0,-8.0,109.0,35.0,-2.0,-62.0,91.0,1.0,0.0,1.0,14.0,1.0,14.0,5.0,1.0,5.0,8.0,2.0,8.0,2.0,3.0,2.0,-22.0,32.0,42.0,34.0,34.0,21.0,-13.0,110.0,50.0,10.0,113.0,57.0,-2.0,-62.0,91.0,22.0,1.0,22.0,6.0,1.0,6.0,13.0,1.0,13.0,10.0,0.0,10.0,2.0,3.0,2.0,17
1.0,69.0,1.0,1.0,69.0,69.0,7.0,111.0,24.0,-7.0,111.0,29.0,-1.0,-65.0,80.0,5.0,2.0,5.0,27.0,45.0,27.0,3.0,0.0,3.0,17.0,0.0,17.0,5.0,3.0,5.0,-21.0,31.0,32.0,20.0,35.0,108.0,-12.0,111.0,48.0,10.0,113.0,54.0,-1.0,-65.0,80.0,27.0,2.0,27.0,10.0,47.0,10.0,24.0,0.0,24.0,2.0,0.0,2.0,5.0,3.0,5.0,17
-2.0,67.0,11.0,-13.0,24.0,147.0,2.0,111.0,21.0,-12.0,111.0,17.0,-3.0,-68.0,55.0,6.0,0.0,6.0,35.0,48.0,35.0,2.0,1.0,2.0,14.0,0.0,14.0,5.0,1.0,5.0,-24.0,29.0,26.0,5.0,-12.0,176.0,-18.0,111.0,39.0,4.0,113.0,47.0,-3.0,-68.0,55.0,28.0,0.0,28.0,21.0,47.0,21.0,24.0,1.0,24.0,2.0,0.0,2.0,5.0,1.0,5.0,17
-4.0,67.0,25.0,-24.0,-24.0,150.0,0.0,110.0,21.0,-13.0,111.0,5.0,-4.0,-69.0,44.0,8.0,0.0,8.0,24.0,27.0,24.0,6.0,1.0,6.0,17.0,0.0,17.0,12.0,0.0,12.0,-26.0,29.0,32.0,-8.0,-59.0,185.0,-21.0,110.0,33.0,1.0,113.0,41.0,-4.0,-69.0,44.0,28.0,2.0,28.0,10.0,28.0,10.0,27.0,1.0,27.0,9.0,2.0,9.0,12.0,0.0,12.0,17
-6.0,67.0,33.0,-22.0,-51.0,126.0,-3.0,109.0,21.0,-15.0,111.0,-7.0,-8.0,-69.0,29.0,6.0,0.0,6.0,22.0,12.0,22.0,3.0,1.0,3.0,15.0,0.0,15.0,8.0,0.0,8.0,-27.0,27.0,23.0,-9.0,-87.0,157.0,-24.0,109.0,24.0,-4.0,111.0,33.0,-8.0,-69.0,29.0,27.0,1.0,27.0,9.0,12.0,9.0,24.0,2.0,24.0,4.0,1.0,4.0,8.0,0.0,8.0,17
-5.0,67.0,40.0,-18.0,-63.0,78.0,-3.0,108.0,16.0,-14.0,111.0,-12.0,-7.0,-69.0,22.0,5.0,2.0,5.0,18.0,4.0,18.0,3.0,0.0,3.0,14.0,1.0,14.0,7.0,0.0,7.0,-26.0,28.0,21.0,-5.0,-99.0,100.0,-24.0,107.0,21.0,-2.0,110.0,28.0,-7.0,-69.0,22.0,26.0,1.0,26.0,5.0,2.0,5.0,24.0,0.0,24.0,2.0,1.0,2.0,7.0,0.0,7.0,17
-2.0,65.0,38.0,-13.0,-59.0,46.0,-2.0,108.0,12.0,-14.0,110.0,-14.0,-6.0,-69.0,16.0,2.0,0.0,2.0,13.0,3.0,13.0,4.0,1.0,4.0,16.0,1.0,16.0,6.0,1.0,6.0,-24.0,29.0,15.0,-2.0,-97.0,64.0,-23.0,107.0,17.0,-2.0,109.0,25.0,-6.0,-69.0,16.0,26.0,1.0,26.0,2.0,3.0,2.0,25.0,1.0,25.0,4.0,1.0,4.0,6.0,1.0,6.0,17
0.0,65.0,37.0,-9.0,-56.0,32.0,-3.0,107.0,11.0,-15.0,109.0,-16.0,-6.0,-68.0,12.0,0.0,3.0,0.0,9.0,6.0,9.0,3.0,0.0,3.0,17.0,0.0,17.0,8.0,1.0,8.0,-25.0,30.0,14.0,0.0,-94.0,47.0,-24.0,106.0,16.0,-3.0,108.0,24.0,-6.0,-68.0,12.0,25.0,3.0,25.0,0.0,5.0,0.0,24.0,0.0,24.0,3.0,1.0,3.0,8.0,1.0,8.0,17
0.0,62.0,47.0,-9.0,-50.0,27.0,-2.0,107.0,10.0,-16.0,109.0,-12.0,-7.0,-69.0,7.0,2.0,2.0,2.0,9.0,1.0,9.0,2.0,1.0,2.0,16.0,0.0,16.0,7.0,0.0,7.0,-25.0,27.0,25.0,1.0,-89.0,39.0,-23.0,106.0,17.0,-3.0,107.0,26.0,-7.0,-69.0,7.0,25.0,0.0,25.0,1.0,2.0,1.0,23.0,1.0,23.0,3.0,0.0,3.0,7.0,0.0,7.0,17
-1.0,64.0,43.0,-9.0,-49.0,32.0,-1.0,108.0,14.0,-14.0,109.0,-6.0,-7.0,-69.0,9.0,3.0,0.0,3.0,15.0,4.0,15.0,1.0,1.0,1.0,14.0,1.0,14.0,7.0,1.0,7.0,-25.0,27.0,25.0,3.0,-87.0,44.0,-22.0,107.0,23.0,-1.0,107.0,30.0,-7.0,-69.0,9.0,25.0,0.0,25.0,3.0,4.0,3.0,22.0,0.0,22.0,1.0,0.0,1.0,7.0,1.0,7.0,17
-2.0,64.0,41.0,-12.0,-45.0,83.0,3.0,109.0,12.0,-12.0,108.0,8.0,-6.0,-68.0,14.0,2.0,2.0,2.0,12.0,12.0,12.0,3.0,0.0,3.0,12.0,0.0,12.0,6.0,0.0,6.0,-25.0,27.0,35.0,4.0,-83.0,87.0,-17.0,107.0,31.0,4.0,107.0,36.0,-6.0,-68.0,14.0,25.0,0.0,25.0,4.0,14.0,4.0,17.0,0.0,17.0,4.0,0.0,4.0,6.0,0.0,6.0,17
-2.0,66.0,31.0,-10.0,-33.0,116.0,7.0,109.0,7.0,-10.0,108.0,18.0,-4.0,-68.0,14.0,4.0,0.0,4.0,10.0,24.0,10.0,5.0,0.0,5.0,12.0,0.0,12.0,8.0,0.0,8.0,-24.0,27.0,32.0,8.0,-69.0,116.0,-12.0,107.0,33.0,8.0,107.0,39.0,-4.0,-68.0,14.0,24.0,0.0,24.0,8.0,25.0,8.0,14.0,0.0,14.0,6.0,0.0,6.0,8.0,0.0,8.0,17
-3.0,66.0,31.0,-6.0,-9.0,138.0,6.0,109.0,12.0,-11.0,108.0,19.0,-6.0,-68.0,16.0,3.0,1.0,3.0,6.0,64.0,6.0,6.0,1.0,6.0,11.0,1.0,11.0,6.0,0.0,6.0,-24.0,27.0,34.0,12.0,-44.0,139.0,-13.0,107.0,38.0,7.0,107.0,42.0,-6.0,-68.0,16.0,24.0,3.0,24.0,12.0,60.0,12.0,13.0,0.0,13.0,7.0,0.0,7.0,6.0,0.0,6.0,17
0.0,67.0,27.0,5.0,55.0,94.0,6.0,108.0,14.0,-9.0,109.0,18.0,-5.0,-68.0,17.0,0.0,0.0,0.0,5.0,12.0,5.0,6.0,0.0,6.0,9.0,0.0,9.0,5.0,0.0,5.0,-23.0,30.0,26.0,21.0,16.0,99.0,-13.0,107.0,38.0,8.0,107.0,42.0,-5.0,-68.0,17.0,23.0,0.0,23.0,21.0,12.0,21.0,13.0,0.0,13.0,8.0,0.0,8.0,5.0,0.0,5.0,17
0.0,67.0,22.0,6.0,67.0,37.0,6.0,108.0,16.0,-9.0,109.0,18.0,-5.0,-68.0,18.0,2.0,1.0,2.0,2.0,0.0,2.0,6.0,0.0,6.0,11.0,1.0,11.0,5.0,1.0,5.0,-22.0,30.0,22.0,23.0,28.0,45.0,-13.0,107.0,38.0,8.0,107.0,44.0,-5.0,-68.0,18.0,24.0,0.0,24.0,15.0,0.0,15.0,13.0,0.0,13.0,6.0,1.0,6.0,5.0,1.0,5.0,17
-1.0,68.0,19.0,2.0,67.0,-3.0,6.0,108.0,17.0,-10.0,108.0,15.0,-4.0,-69.0,23.0,5.0,1.0,5.0,2.0,3.0,2.0,6.0,0.0,6.0,10.0,0.0,10.0,4.0,1.0,4.0,-23.0,30.0,22.0,19.0,28.0,8.0,-13.0,107.0,38.0,7.0,106.0,43.0,-4.0,-69.0,23.0,23.0,2.0,23.0,19.0,3.0,19.0,13.0,2.0,13.0,7.0,0.0,7.0,4.0,1.0,4.0,17
-3.0,67.0,2.0,3.0,64.0,-38.0,10.0,108.0,13.0,-8.0,108.0,25.0,-2.0,-70.0,30.0,3.0,1.0,3.0,1.0,0.0,1.0,10.0,0.0,10.0,8.0,0.0,8.0,2.0,1.0,2.0,-23.0,28.0,13.0,22.0,25.0,-30.0,-9.0,105.0,40.0,10.0,106.0,46.0,-2.0,-70.0,30.0,23.0,0.0,23.0,22.0,1.0,22.0,9.0,1.0,9.0,10.0,1.0,10.0,2.0,1.0,2.0,17
-3.0,68.0,-5.0,2.0,64.0,-34.0,11.0,108.0,11.0,-6.0,108.0,28.0,0.0,-69.0,29.0,3.0,0.0,3.0,2.0,1.0,2.0,11.0,0.0,11.0,6.0,1.0,6.0,2.0,0.0,2.0,-23.0,28.0,9.0,22.0,26.0,-29.0,-7.0,106.0,40.0,13.0,107.0,46.0,0.0,-69.0,29.0,23.0,0.0,23.0,22.0,1.0,22.0,7.0,0.0,7.0,13.0,0.0,13.0,2.0,0.0,2.0,17
-2.0,68.0,-7.0,2.0,65.0,-27.0,11.0,108.0,10.0,-5.0,109.0,28.0,-1.0,-69.0,34.0,-2.0,68.0,-2.0,2.0,65.0,2.0,11.0,108.0,11.0,-5.0,109.0,-5.0,-1.0,-69.0,-1.0,-22.0,28.0,11.0,22.0,27.0,-24.0,-7.0,106.0,40.0,13.0,107.0,46.0,-1.0,-69.0,34.0,-22.0,28.0,-22.0,22.0,27.0,22.0,-7.0,106.0,-7.0,13.0,107.0,13.0,-1.0,-69.0,-1.0,17
