left_arm_local_X,left_arm_local_Y,left_arm_local_Z,right_arm_local_X,right_arm_local_Y,right_arm_local_Z,left_leg_local_X,left_leg_local_Y,left_leg_local_Z,right_leg_local_X,right_leg_local_Y,right_leg_local_Z,waist_head_local_X,waist_head_local_Y,waist_head_local_Z,left_arm_local_distX,left_arm_local__distY,left_arm_local__distZ,right_arm_local__distX,right_arm_local__distY,right_arm_local__distZ,left_leg_local__distX,left_leg_local__distY,left_leg_local__distZ,right_leg_local__distX,right_leg_local__distY,right_leg_local__distZ,waist_head_local__distX,waist_head_local__distY,waist_head_local__distZ,left_arm_global_X,left_arm_global_Y,left_arm_global_Z,right_arm_global_X,right_arm_global_Y,right_arm_global_Z,left_leg_global_X,left_leg_global_Y,left_leg_global_Z,right_leg_global_X,right_leg_global_Y,right_leg_global_Z,waist_head_global_X,waist_head_global_Y,waist_head_global_Z,left_arm_global_distX,left_arm_global__distY,left_arm_global__distZ,right_arm_global__distX,right_arm_global__distY,right_arm_global__distZ,left_leg_global__distX,left_leg_global__distY,left_leg_global__distZ,right_leg_global__distX,right_leg_global__distY,right_global__leg_distZ,waist_head_global__distX,waist_head_global__distY,waist_head_global__distZ,label
1.0,65.0,44.0,-12.0,64.0,28.0,3.0,115.0,24.0,-20.0,118.0,10.0,-3.0,-65.0,69.0,1.0,0.0,1.0,12.0,1.0,12.0,3.0,1.0,3.0,20.0,0.0,20.0,3.0,2.0,3.0,-21.0,31.0,61.0,7.0,29.0,70.0,-23.0,117.0,44.0,1.0,119.0,53.0,-3.0,-65.0,69.0,21.0,1.0,21.0,7.0,0.0,7.0,23.0,1.0,23.0,1.0,1.0,1.0,3.0,2.0,3.0,17
1.0,65.0,41.0,-11.0,65.0,28.0,5.0,116.0,22.0,-20.0,118.0,15.0,0.0,-67.0,67.0,1.0,0.0,1.0,11.0,3.0,11.0,5.0,1.0,5.0,20.0,1.0,20.0,0.0,0.0,0.0,-19.0,30.0,63.0,11.0,29.0,63.0,-20.0,118.0,49.0,3.0,118.0,53.0,0.0,-67.0,67.0,19.0,1.0,19.0,11.0,2.0,11.0,20.0,1.0,20.0,3.0,1.0,3.0,0.0,0.0,0.0,17
1.0,65.0,43.0,-11.0,62.0,30.0,7.0,117.0,18.0,-18.0,119.0,18.0,3.0,-67.0,67.0,1.0,2.0,1.0,11.0,0.0,11.0,7.0,2.0,7.0,18.0,1.0,18.0,3.0,1.0,3.0,-18.0,29.0,67.0,13.0,27.0,61.0,-17.0,119.0,49.0,6.0,119.0,53.0,3.0,-67.0,67.0,18.0,3.0,18.0,13.0,1.0,13.0,17.0,1.0,17.0,6.0,0.0,6.0,3.0,1.0,3.0,17
9.0,63.0,31.0,-11.0,62.0,35.0,8.0,119.0,10.0,-16.0,118.0,21.0,6.0,-68.0,60.0,9.0,2.0,9.0,11.0,8.0,11.0,2.0,4.0,2.0,16.0,0.0,16.0,6.0,2.0,6.0,-9.0,26.0,59.0,14.0,26.0,55.0,-15.0,120.0,47.0,9.0,119.0,49.0,6.0,-68.0,60.0,9.0,4.0,9.0,14.0,8.0,14.0,15.0,3.0,15.0,9.0,0.0,9.0,6.0,2.0,6.0,17
14.0,61.0,24.0,-8.0,54.0,63.0,5.0,123.0,12.0,-11.0,118.0,28.0,10.0,-70.0,49.0,14.0,0.0,14.0,8.0,17.0,8.0,3.0,4.0,3.0,11.0,1.0,11.0,10.0,0.0,10.0,-1.0,22.0,60.0,17.0,18.0,65.0,-14.0,123.0,61.0,16.0,119.0,41.0,10.0,-70.0,49.0,1.0,1.0,1.0,17.0,16.0,17.0,14.0,3.0,14.0,16.0,0.0,16.0,10.0,0.0,10.0,17
17.0,61.0,28.0,-2.0,37.0,92.0,4.0,127.0,24.0,-6.0,117.0,33.0,10.0,-70.0,43.0,17.0,1.0,17.0,2.0,19.0,2.0,2.0,2.0,2.0,6.0,0.0,6.0,10.0,1.0,10.0,5.0,21.0,66.0,23.0,2.0,82.0,-11.0,126.0,79.0,22.0,119.0,34.0,10.0,-70.0,43.0,5.0,2.0,5.0,23.0,19.0,23.0,11.0,2.0,11.0,22.0,0.0,22.0,10.0,1.0,10.0,17
18.0,60.0,28.0,3.0,18.0,112.0,3.0,129.0,35.0,-2.0,117.0,34.0,11.0,-69.0,41.0,18.0,3.0,18.0,3.0,30.0,3.0,1.0,3.0,1.0,2.0,4.0,2.0,11.0,1.0,11.0,10.0,19.0,68.0,28.0,-17.0,92.0,-8.0,128.0,94.0,25.0,119.0,26.0,11.0,-69.0,41.0,10.0,5.0,10.0,28.0,29.0,28.0,8.0,0.0,8.0,25.0,4.0,25.0,11.0,1.0,11.0,17
27.0,57.0,18.0,24.0,-12.0,112.0,1.0,132.0,41.0,7.0,113.0,32.0,16.0,-70.0,41.0,25.0,2.0,25.0,24.0,12.0,24.0,1.0,1.0,1.0,7.0,0.0,7.0,16.0,2.0,16.0,25.0,14.0,66.0,46.0,-46.0,81.0,-2.0,128.0,103.0,33.0,115.0,7.0,16.0,-70.0,41.0,25.0,1.0,25.0,46.0,14.0,46.0,2.0,2.0,2.0,33.0,0.0,33.0,16.0,2.0,16.0,17
26.0,55.0,13.0,31.0,-24.0,86.0,0.0,133.0,39.0,9.0,113.0,25.0,17.0,-72.0,39.0,24.0,3.0,24.0,31.0,4.0,31.0,0.0,3.0,0.0,9.0,1.0,9.0,17.0,1.0,17.0,26.0,13.0,64.0,54.0,-60.0,58.0,-2.0,130.0,102.0,34.0,115.0,-2.0,17.0,-72.0,39.0,26.0,2.0,26.0,54.0,4.0,54.0,2.0,6.0,2.0,34.0,1.0,34.0,17.0,1.0,17.0,17
25.0,52.0,-4.0,34.0,-28.0,53.0,0.0,136.0,38.0,11.0,112.0,18.0,19.0,-71.0,36.0,9.0,6.0,9.0,34.0,0.0,34.0,0.0,1.0,0.0,11.0,1.0,11.0,19.0,0.0,19.0,27.0,11.0,51.0,59.0,-64.0,28.0,-1.0,136.0,100.0,36.0,116.0,-12.0,19.0,-71.0,36.0,9.0,10.0,9.0,59.0,0.0,59.0,1.0,5.0,1.0,36.0,1.0,36.0,19.0,0.0,19.0,17
17.0,58.0,-12.0,40.0,-28.0,-5.0,4.0,137.0,35.0,13.0,113.0,9.0,23.0,-71.0,46.0,9.0,2.0,9.0,40.0,4.0,40.0,4.0,2.0,4.0,9.0,1.0,9.0,19.0,2.0,19.0,18.0,21.0,50.0,66.0,-64.0,-23.0,1.0,141.0,98.0,38.0,115.0,-20.0,23.0,-71.0,46.0,6.0,3.0,6.0,66.0,4.0,66.0,3.0,4.0,3.0,38.0,0.0,38.0,19.0,2.0,19.0,17
13.0,60.0,5.0,41.0,-24.0,-58.0,6.0,139.0,35.0,11.0,114.0,-2.0,21.0,-73.0,50.0,13.0,4.0,13.0,41.0,14.0,41.0,6.0,1.0,6.0,7.0,1.0,7.0,21.0,3.0,21.0,12.0,24.0,67.0,70.0,-60.0,-71.0,-1.0,145.0,97.0,38.0,115.0,-25.0,21.0,-73.0,50.0,8.0,7.0,8.0,70.0,11.0,70.0,3.0,4.0,3.0,38.0,2.0,38.0,21.0,3.0,21.0,17
13.0,56.0,13.0,42.0,-10.0,-86.0,7.0,140.0,27.0,9.0,113.0,-21.0,21.0,-76.0,49.0,13.0,6.0,13.0,30.0,44.0,30.0,7.0,8.0,7.0,5.0,3.0,5.0,15.0,0.0,15.0,10.0,17.0,67.0,71.0,-49.0,-105.0,-2.0,149.0,87.0,39.0,113.0,-39.0,21.0,-76.0,49.0,8.0,3.0,8.0,61.0,46.0,61.0,14.0,3.0,14.0,27.0,2.0,27.0,15.0,0.0,15.0,17
13.0,62.0,22.0,36.0,34.0,-93.0,10.0,148.0,46.0,2.0,110.0,-38.0,18.0,-76.0,60.0,13.0,0.0,13.0,22.0,34.0,22.0,10.0,2.0,10.0,2.0,2.0,2.0,14.0,1.0,14.0,1.0,20.0,74.0,66.0,-3.0,-94.0,-8.0,152.0,102.0,33.0,111.0,-39.0,18.0,-76.0,60.0,5.0,1.0,5.0,56.0,33.0,56.0,16.0,4.0,16.0,29.0,4.0,29.0,14.0,1.0,14.0,17
13.0,62.0,41.0,29.0,68.0,0.0,11.0,150.0,58.0,0.0,108.0,-51.0,16.0,-77.0,57.0,13.0,1.0,13.0,7.0,4.0,7.0,9.0,3.0,9.0,0.0,3.0,0.0,10.0,1.0,10.0,-2.0,19.0,83.0,61.0,30.0,9.0,-12.0,156.0,108.0,31.0,107.0,-40.0,16.0,-77.0,57.0,2.0,3.0,2.0,25.0,3.0,25.0,20.0,3.0,20.0,29.0,3.0,29.0,10.0,1.0,10.0,17
15.0,61.0,51.0,11.0,72.0,90.0,10.0,153.0,65.0,0.0,105.0,-68.0,13.0,-78.0,51.0,3.0,9.0,3.0,59.0,71.0,59.0,6.0,1.0,6.0,0.0,4.0,0.0,11.0,0.0,11.0,-2.0,16.0,81.0,43.0,33.0,99.0,-16.0,159.0,111.0,30.0,104.0,-51.0,13.0,-78.0,51.0,16.0,7.0,16.0,23.0,71.0,23.0,24.0,2.0,24.0,28.0,3.0,28.0,11.0,0.0,11.0,17
6.0,52.0,56.0,-24.0,1.0,145.0,8.0,154.0,71.0,0.0,109.0,-74.0,12.0,-78.0,53.0,2.0,3.0,2.0,32.0,26.0,32.0,0.0,2.0,0.0,0.0,1.0,0.0,10.0,1.0,10.0,-9.0,9.0,80.0,10.0,-38.0,160.0,-20.0,161.0,111.0,29.0,107.0,-49.0,12.0,-78.0,53.0,23.0,2.0,23.0,2.0,27.0,2.0,32.0,1.0,32.0,23.0,1.0,23.0,10.0,1.0,10.0,17
2.0,49.0,61.0,-28.0,-25.0,132.0,4.0,152.0,78.0,0.0,110.0,-83.0,11.0,-79.0,53.0,8.0,2.0,8.0,28.0,12.0,28.0,4.0,1.0,4.0,0.0,1.0,0.0,7.0,0.0,7.0,-16.0,7.0,80.0,4.0,-65.0,158.0,-26.0,160.0,109.0,26.0,108.0,-48.0,11.0,-79.0,53.0,28.0,2.0,28.0,2.0,12.0,2.0,28.0,1.0,28.0,24.0,2.0,24.0,7.0,0.0,7.0,17
-3.0,51.0,56.0,-27.0,-37.0,125.0,4.0,153.0,80.0,0.0,111.0,-80.0,9.0,-79.0,55.0,11.0,3.0,11.0,27.0,1.0,27.0,4.0,1.0,4.0,0.0,0.0,0.0,1.0,1.0,1.0,-22.0,9.0,74.0,3.0,-77.0,156.0,-27.0,159.0,108.0,25.0,110.0,-42.0,9.0,-79.0,55.0,30.0,1.0,30.0,3.0,0.0,3.0,27.0,4.0,27.0,23.0,0.0,23.0,1.0,1.0,1.0,17
-7.0,54.0,53.0,-24.0,-36.0,123.0,5.0,152.0,86.0,0.0,111.0,-79.0,4.0,-78.0,62.0,7.0,2.0,7.0,24.0,7.0,24.0,1.0,1.0,1.0,2.0,0.0,2.0,2.0,2.0,2.0,-26.0,10.0,72.0,5.0,-77.0,157.0,-26.0,155.0,111.0,24.0,110.0,-39.0,4.0,-78.0,62.0,26.0,2.0,26.0,3.0,7.0,3.0,32.0,2.0,32.0,20.0,1.0,20.0,2.0,2.0,2.0,17
-5.0,56.0,50.0,-23.0,-29.0,126.0,2.0,151.0,90.0,-1.0,111.0,-75.0,3.0,-80.0,61.0,5.0,3.0,5.0,23.0,18.0,23.0,0.0,2.0,0.0,9.0,2.0,9.0,3.0,2.0,3.0,-26.0,12.0,70.0,4.0,-70.0,164.0,-29.0,153.0,113.0,22.0,111.0,-33.0,3.0,-80.0,61.0,26.0,4.0,26.0,4.0,18.0,4.0,29.0,3.0,29.0,14.0,2.0,14.0,3.0,2.0,3.0,17
-4.0,59.0,48.0,-17.0,-11.0,131.0,1.0,149.0,92.0,-5.0,113.0,-67.0,0.0,-82.0,55.0,6.0,4.0,6.0,17.0,32.0,17.0,1.0,4.0,1.0,13.0,1.0,13.0,0.0,3.0,0.0,-26.0,16.0,69.0,9.0,-52.0,170.0,-29.0,150.0,115.0,18.0,113.0,-25.0,0.0,-82.0,55.0,26.0,4.0,26.0,9.0,31.0,9.0,29.0,7.0,29.0,14.0,0.0,14.0,0.0,3.0,0.0,17
-5.0,55.0,51.0,-1.0,21.0,138.0,2.0,145.0,90.0,-9.0,112.0,-52.0,2.0,-79.0,56.0,11.0,3.0,11.0,1.0,14.0,1.0,8.0,5.0,8.0,19.0,2.0,19.0,0.0,1.0,0.0,-26.0,12.0,76.0,25.0,-21.0,167.0,-26.0,143.0,120.0,16.0,113.0,-17.0,2.0,-79.0,56.0,34.0,3.0,34.0,25.0,13.0,25.0,34.0,7.0,34.0,4.0,2.0,4.0,0.0,1.0,0.0,17
-8.0,52.0,50.0,7.0,35.0,123.0,-3.0,140.0,102.0,-14.0,114.0,-38.0,1.0,-80.0,64.0,12.0,2.0,12.0,7.0,16.0,7.0,9.0,8.0,9.0,20.0,1.0,20.0,3.0,3.0,3.0,-30.0,9.0,79.0,31.0,-8.0,162.0,-30.0,136.0,129.0,10.0,115.0,0.0,1.0,-80.0,64.0,38.0,1.0,38.0,31.0,19.0,31.0,38.0,5.0,38.0,0.0,2.0,0.0,3.0,3.0,3.0,17
-10.0,50.0,45.0,17.0,51.0,98.0,-6.0,132.0,108.0,-17.0,115.0,-31.0,-1.0,-77.0,66.0,14.0,4.0,14.0,17.0,16.0,17.0,6.0,4.0,6.0,21.0,0.0,21.0,1.0,3.0,1.0,-34.0,10.0,76.0,38.0,11.0,142.0,-34.0,131.0,130.0,5.0,117.0,11.0,-1.0,-77.0,66.0,36.0,5.0,36.0,38.0,16.0,38.0,34.0,6.0,34.0,1.0,2.0,1.0,1.0,3.0,1.0,17
-12.0,54.0,40.0,18.0,67.0,45.0,-6.0,128.0,100.0,-19.0,115.0,-14.0,0.0,-74.0,71.0,16.0,6.0,16.0,16.0,1.0,16.0,10.0,2.0,10.0,27.0,0.0,27.0,0.0,1.0,0.0,-35.0,15.0,69.0,40.0,27.0,90.0,-33.0,125.0,124.0,3.0,119.0,27.0,0.0,-74.0,71.0,37.0,7.0,37.0,38.0,2.0,38.0,37.0,2.0,37.0,5.0,0.0,5.0,0.0,1.0,0.0,17
-14.0,60.0,31.0,17.0,68.0,20.0,-8.0,126.0,93.0,-23.0,115.0,-7.0,2.0,-73.0,70.0,14.0,4.0,14.0,9.0,1.0,9.0,8.0,1.0,8.0,23.0,0.0,23.0,2.0,1.0,2.0,-36.0,22.0,59.0,39.0,29.0,64.0,-35.0,123.0,116.0,-1.0,119.0,34.0,2.0,-73.0,70.0,36.0,4.0,36.0,31.0,1.0,31.0,35.0,1.0,35.0,1.0,1.0,1.0,2.0,1.0,2.0,17
-14.0,64.0,25.0,13.0,69.0,1.0,-5.0,125.0,68.0,-22.0,115.0,-10.0,2.0,-72.0,68.0,14.0,3.0,14.0,11.0,0.0,11.0,5.0,10.0,5.0,22.0,2.0,22.0,2.0,1.0,2.0,-35.0,26.0,50.0,35.0,30.0,43.0,-32.0,122.0,90.0,-1.0,118.0,32.0,2.0,-72.0,68.0,35.0,4.0,35.0,13.0,1.0,13.0,32.0,8.0,32.0,1.0,0.0,1.0,2.0,1.0,2.0,17
-8.0,67.0,13.0,1.0,69.0,-11.0,10.0,115.0,-10.0,-19.0,117.0,-4.0,3.0,-71.0,66.0,8.0,2.0,8.0,3.0,1.0,3.0,10.0,3.0,10.0,19.0,0.0,19.0,3.0,1.0,3.0,-28.0,30.0,36.0,24.0,31.0,24.0,-16.0,114.0,13.0,3.0,118.0,38.0,3.0,-71.0,66.0,30.0,2.0,30.0,16.0,1.0,16.0,16.0,2.0,16.0,3.0,0.0,3.0,3.0,1.0,3.0,17
-7.0,69.0,21.0,-1.0,68.0,-11.0,12.0,112.0,-23.0,-19.0,117.0,-2.0,0.0,-70.0,58.0,7.0,0.0,7.0,1.0,0.0,1.0,12.0,1.0,12.0,19.0,0.0,19.0,0.0,1.0,0.0,-29.0,32.0,35.0,20.0,30.0,16.0,-14.0,112.0,4.0,5.0,118.0,35.0,0.0,-70.0,58.0,29.0,0.0,29.0,20.0,0.0,20.0,14.0,1.0,14.0,5.0,1.0,5.0,0.0,1.0,0.0,17
-6.0,69.0,17.0,1.0,68.0,-9.0,13.0,113.0,-8.0,-17.0,117.0,5.0,0.0,-71.0,57.0,6.0,3.0,6.0,1.0,2.0,1.0,9.0,3.0,9.0,19.0,0.0,19.0,4.0,2.0,4.0,-27.0,32.0,34.0,23.0,30.0,19.0,-12.0,113.0,21.0,7.0,117.0,40.0,0.0,-71.0,57.0,27.0,2.0,27.0,21.0,2.0,21.0,18.0,2.0,18.0,1.0,0.0,1.0,4.0,2.0,4.0,17
-3.0,66.0,19.0,2.0,70.0,4.0,11.0,116.0,11.0,-18.0,117.0,5.0,-2.0,-69.0,60.0,5.0,1.0,5.0,2.0,1.0,2.0,9.0,0.0,9.0,18.0,1.0,18.0,4.0,0.0,4.0,-25.0,30.0,36.0,22.0,32.0,34.0,-15.0,115.0,37.0,4.0,117.0,44.0,-2.0,-69.0,60.0,27.0,1.0,27.0,22.0,0.0,22.0,17.0,1.0,17.0,2.0,1.0,2.0,4.0,0.0,4.0,17
-4.0,65.0,21.0,2.0,71.0,4.0,10.0,116.0,16.0,-18.0,116.0,6.0,-3.0,-69.0,58.0,12.0,3.0,12.0,2.0,2.0,2.0,8.0,0.0,8.0,20.0,0.0,20.0,3.0,2.0,3.0,-26.0,29.0,37.0,22.0,32.0,34.0,-16.0,116.0,39.0,3.0,116.0,46.0,-3.0,-69.0,58.0,34.0,1.0,34.0,20.0,4.0,20.0,18.0,1.0,18.0,1.0,1.0,1.0,3.0,2.0,3.0,17
-8.0,68.0,46.0,2.0,69.0,6.0,9.0,116.0,19.0,-19.0,116.0,5.0,-3.0,-71.0,58.0,8.0,0.0,8.0,2.0,1.0,2.0,7.0,1.0,7.0,21.0,0.0,21.0,3.0,0.0,3.0,-30.0,30.0,61.0,21.0,28.0,38.0,-17.0,115.0,39.0,2.0,115.0,48.0,-3.0,-71.0,58.0,30.0,0.0,30.0,21.0,2.0,21.0,19.0,1.0,19.0,0.0,1.0,0.0,3.0,0.0,3.0,17
-7.0,68.0,46.0,2.0,70.0,24.0,8.0,117.0,20.0,-20.0,116.0,5.0,-2.0,-71.0,56.0,7.0,0.0,7.0,4.0,1.0,4.0,6.0,0.0,6.0,20.0,1.0,20.0,4.0,2.0,4.0,-29.0,30.0,58.0,21.0,30.0,54.0,-18.0,114.0,41.0,1.0,116.0,48.0,-2.0,-71.0,56.0,29.0,1.0,29.0,13.0,0.0,13.0,22.0,0.0,22.0,1.0,1.0,1.0,4.0,2.0,4.0,17
-5.0,68.0,48.0,-1.0,69.0,27.0,7.0,117.0,23.0,-20.0,115.0,4.0,-3.0,-69.0,55.0,5.0,1.0,5.0,7.0,1.0,7.0,7.0,0.0,7.0,20.0,1.0,20.0,3.0,1.0,3.0,-28.0,31.0,56.0,17.0,30.0,58.0,-20.0,114.0,41.0,0.0,115.0,49.0,-3.0,-69.0,55.0,28.0,0.0,28.0,13.0,2.0,13.0,20.0,1.0,20.0,0.0,1.0,0.0,3.0,1.0,3.0,17
-3.0,67.0,39.0,-4.0,70.0,23.0,8.0,117.0,24.0,-18.0,116.0,4.0,-3.0,-68.0,55.0,-3.0,67.0,-3.0,-4.0,70.0,-4.0,8.0,117.0,8.0,-18.0,116.0,-18.0,-3.0,-68.0,-3.0,-25.0,31.0,46.0,15.0,32.0,54.0,-19.0,115.0,41.0,1.0,116.0,49.0,-3.0,-68.0,55.0,-25.0,31.0,-25.0,15.0,32.0,15.0,-19.0,115.0,-19.0,1.0,116.0,1.0,-3.0,-68.0,-3.0,17
