left_arm_local_X,left_arm_local_Y,left_arm_local_Z,right_arm_local_X,right_arm_local_Y,right_arm_local_Z,left_leg_local_X,left_leg_local_Y,left_leg_local_Z,right_leg_local_X,right_leg_local_Y,right_leg_local_Z,waist_head_local_X,waist_head_local_Y,waist_head_local_Z,left_arm_local_distX,left_arm_local__distY,left_arm_local__distZ,right_arm_local__distX,right_arm_local__distY,right_arm_local__distZ,left_leg_local__distX,left_leg_local__distY,left_leg_local__distZ,right_leg_local__distX,right_leg_local__distY,right_leg_local__distZ,waist_head_local__distX,waist_head_local__distY,waist_head_local__distZ,left_arm_global_X,left_arm_global_Y,left_arm_global_Z,right_arm_global_X,right_arm_global_Y,right_arm_global_Z,left_leg_global_X,left_leg_global_Y,left_leg_global_Z,right_leg_global_X,right_leg_global_Y,right_leg_global_Z,waist_head_global_X,waist_head_global_Y,waist_head_global_Z,left_arm_global_distX,left_arm_global__distY,left_arm_global__distZ,right_arm_global__distX,right_arm_global__distY,right_arm_global__distZ,left_leg_global__distX,left_leg_global__distY,left_leg_global__distZ,right_leg_global__distX,right_leg_global__distY,right_global__leg_distZ,waist_head_global__distX,waist_head_global__distY,waist_head_global__distZ,label
-5.0,68.0,2.0,5.0,70.0,-5.0,7.0,113.0,18.0,-8.0,114.0,3.0,-3.0,-76.0,40.0,5.0,1.0,5.0,5.0,1.0,5.0,7.0,1.0,7.0,8.0,0.0,8.0,3.0,0.0,3.0,-24.0,30.0,17.0,22.0,29.0,20.0,-16.0,113.0,39.0,11.0,114.0,38.0,-3.0,-76.0,40.0,26.0,0.0,26.0,22.0,3.0,22.0,16.0,1.0,16.0,11.0,1.0,11.0,3.0,0.0,3.0,17
-5.0,69.0,4.0,6.0,71.0,5.0,7.0,114.0,16.0,-8.0,114.0,4.0,-2.0,-76.0,42.0,7.0,2.0,7.0,6.0,1.0,6.0,7.0,1.0,7.0,8.0,1.0,8.0,2.0,0.0,2.0,-25.0,30.0,19.0,23.0,32.0,27.0,-16.0,114.0,39.0,11.0,115.0,36.0,-2.0,-76.0,42.0,27.0,2.0,27.0,23.0,1.0,23.0,16.0,0.0,16.0,11.0,0.0,11.0,2.0,0.0,2.0,17
-6.0,71.0,7.0,7.0,72.0,17.0,7.0,113.0,14.0,-8.0,115.0,7.0,-2.0,-76.0,42.0,6.0,0.0,6.0,7.0,0.0,7.0,7.0,0.0,7.0,8.0,1.0,8.0,2.0,0.0,2.0,-26.0,32.0,23.0,24.0,33.0,38.0,-16.0,114.0,37.0,11.0,115.0,39.0,-2.0,-76.0,42.0,26.0,0.0,26.0,24.0,0.0,24.0,16.0,0.0,16.0,11.0,1.0,11.0,2.0,0.0,2.0,17
-5.0,71.0,10.0,7.0,72.0,30.0,7.0,113.0,14.0,-7.0,114.0,7.0,-1.0,-76.0,42.0,5.0,0.0,5.0,7.0,3.0,7.0,7.0,1.0,7.0,7.0,0.0,7.0,1.0,1.0,1.0,-25.0,32.0,26.0,24.0,33.0,50.0,-16.0,114.0,38.0,12.0,114.0,39.0,-1.0,-76.0,42.0,25.0,1.0,25.0,24.0,4.0,24.0,16.0,1.0,16.0,12.0,0.0,12.0,1.0,1.0,1.0,17
-5.0,71.0,12.0,9.0,69.0,48.0,9.0,112.0,7.0,-7.0,114.0,11.0,0.0,-77.0,40.0,5.0,1.0,5.0,9.0,4.0,9.0,9.0,1.0,9.0,7.0,0.0,7.0,0.0,1.0,0.0,-25.0,31.0,31.0,25.0,29.0,65.0,-14.0,113.0,36.0,13.0,114.0,37.0,0.0,-77.0,40.0,25.0,1.0,25.0,25.0,4.0,25.0,14.0,0.0,14.0,13.0,0.0,13.0,0.0,1.0,0.0,17
-2.0,72.0,14.0,13.0,65.0,59.0,10.0,113.0,2.0,-5.0,114.0,15.0,1.0,-76.0,39.0,4.0,0.0,4.0,13.0,10.0,13.0,10.0,0.0,10.0,5.0,1.0,5.0,1.0,1.0,1.0,-22.0,32.0,36.0,30.0,25.0,73.0,-11.0,113.0,36.0,17.0,114.0,36.0,1.0,-76.0,39.0,24.0,1.0,24.0,30.0,8.0,30.0,11.0,1.0,11.0,17.0,0.0,17.0,1.0,1.0,1.0,17
-3.0,72.0,18.0,20.0,55.0,72.0,10.0,113.0,-1.0,-4.0,113.0,15.0,1.0,-75.0,37.0,3.0,1.0,3.0,20.0,19.0,20.0,10.0,0.0,10.0,4.0,1.0,4.0,1.0,0.0,1.0,-23.0,33.0,39.0,36.0,17.0,81.0,-10.0,114.0,36.0,18.0,114.0,33.0,1.0,-75.0,37.0,23.0,2.0,23.0,36.0,19.0,36.0,10.0,1.0,10.0,18.0,1.0,18.0,1.0,0.0,1.0,17
-3.0,71.0,13.0,39.0,36.0,65.0,13.0,113.0,-5.0,-2.0,114.0,22.0,4.0,-75.0,40.0,3.0,0.0,3.0,39.0,13.0,39.0,13.0,1.0,13.0,2.0,0.0,2.0,4.0,1.0,4.0,-21.0,31.0,40.0,57.0,-2.0,70.0,-6.0,115.0,34.0,21.0,113.0,35.0,4.0,-75.0,40.0,21.0,1.0,21.0,57.0,14.0,57.0,6.0,1.0,6.0,21.0,1.0,21.0,4.0,1.0,4.0,17
-3.0,71.0,11.0,46.0,23.0,52.0,13.0,112.0,-10.0,-1.0,114.0,22.0,4.0,-76.0,39.0,3.0,0.0,3.0,46.0,15.0,46.0,13.0,1.0,13.0,1.0,1.0,1.0,4.0,0.0,4.0,-21.0,30.0,43.0,63.0,-16.0,56.0,-5.0,114.0,33.0,22.0,112.0,32.0,4.0,-76.0,39.0,21.0,1.0,21.0,63.0,14.0,63.0,5.0,1.0,5.0,22.0,1.0,22.0,4.0,0.0,4.0,17
-1.0,71.0,10.0,49.0,8.0,28.0,13.0,111.0,-15.0,1.0,113.0,23.0,5.0,-76.0,36.0,1.0,0.0,1.0,43.0,13.0,43.0,13.0,1.0,13.0,1.0,1.0,1.0,5.0,2.0,5.0,-18.0,29.0,44.0,66.0,-30.0,26.0,-3.0,113.0,31.0,25.0,111.0,27.0,5.0,-76.0,36.0,18.0,2.0,18.0,62.0,14.0,62.0,3.0,0.0,3.0,25.0,2.0,25.0,5.0,2.0,5.0,17
-1.0,71.0,11.0,46.0,-5.0,-3.0,14.0,112.0,-19.0,3.0,112.0,26.0,7.0,-78.0,43.0,1.0,0.0,1.0,44.0,4.0,44.0,14.0,1.0,14.0,3.0,0.0,3.0,7.0,1.0,7.0,-16.0,27.0,50.0,64.0,-44.0,-6.0,0.0,113.0,29.0,27.0,109.0,26.0,7.0,-78.0,43.0,16.0,1.0,16.0,62.0,3.0,62.0,0.0,0.0,0.0,27.0,1.0,27.0,7.0,1.0,7.0,17
-1.0,71.0,11.0,45.0,-9.0,-25.0,14.0,111.0,-23.0,4.0,112.0,31.0,7.0,-77.0,43.0,1.0,1.0,1.0,43.0,2.0,43.0,12.0,1.0,12.0,4.0,0.0,4.0,7.0,0.0,7.0,-15.0,28.0,53.0,63.0,-47.0,-29.0,1.0,113.0,27.0,28.0,110.0,27.0,7.0,-77.0,43.0,15.0,1.0,15.0,59.0,1.0,59.0,1.0,1.0,1.0,28.0,0.0,28.0,7.0,0.0,7.0,17
0.0,72.0,5.0,44.0,-11.0,-52.0,13.0,110.0,-26.0,5.0,112.0,31.0,9.0,-77.0,47.0,2.0,0.0,2.0,38.0,7.0,38.0,13.0,0.0,13.0,5.0,1.0,5.0,9.0,1.0,9.0,-14.0,29.0,52.0,61.0,-48.0,-55.0,2.0,112.0,25.0,29.0,110.0,24.0,9.0,-77.0,47.0,14.0,1.0,14.0,57.0,6.0,57.0,2.0,0.0,2.0,29.0,0.0,29.0,9.0,1.0,9.0,17
-1.0,72.0,0.0,41.0,-4.0,-84.0,13.0,110.0,-27.0,5.0,113.0,32.0,9.0,-78.0,50.0,1.0,0.0,1.0,35.0,13.0,35.0,11.0,0.0,11.0,1.0,0.0,1.0,9.0,1.0,9.0,-14.0,28.0,51.0,59.0,-42.0,-86.0,2.0,112.0,25.0,29.0,110.0,24.0,9.0,-78.0,50.0,16.0,1.0,16.0,53.0,12.0,53.0,2.0,0.0,2.0,25.0,1.0,25.0,9.0,1.0,9.0,17
-1.0,72.0,-4.0,38.0,9.0,-108.0,12.0,110.0,-24.0,3.0,113.0,33.0,9.0,-77.0,55.0,3.0,0.0,3.0,26.0,15.0,26.0,10.0,1.0,10.0,1.0,1.0,1.0,5.0,1.0,5.0,-15.0,29.0,49.0,56.0,-30.0,-104.0,0.0,112.0,27.0,27.0,111.0,28.0,9.0,-77.0,55.0,17.0,1.0,17.0,48.0,15.0,48.0,6.0,1.0,6.0,23.0,2.0,23.0,5.0,1.0,5.0,17
-2.0,72.0,-10.0,32.0,24.0,-117.0,11.0,111.0,-19.0,1.0,114.0,29.0,7.0,-78.0,62.0,6.0,2.0,6.0,28.0,21.0,28.0,7.0,0.0,7.0,13.0,1.0,13.0,3.0,1.0,3.0,-16.0,30.0,43.0,52.0,-15.0,-104.0,-3.0,113.0,29.0,25.0,113.0,29.0,7.0,-78.0,62.0,28.0,0.0,28.0,46.0,19.0,46.0,19.0,0.0,19.0,9.0,1.0,9.0,3.0,1.0,3.0,17
-4.0,70.0,-13.0,30.0,45.0,-86.0,9.0,111.0,-4.0,-6.0,115.0,17.0,2.0,-77.0,64.0,6.0,1.0,6.0,30.0,15.0,30.0,3.0,1.0,3.0,16.0,0.0,16.0,8.0,0.0,8.0,-22.0,30.0,32.0,49.0,4.0,-57.0,-11.0,113.0,34.0,17.0,114.0,34.0,2.0,-77.0,64.0,30.0,0.0,30.0,47.0,14.0,47.0,23.0,0.0,23.0,1.0,1.0,1.0,8.0,0.0,8.0,17
-5.0,69.0,-6.0,32.0,60.0,-40.0,6.0,112.0,10.0,-11.0,115.0,9.0,-3.0,-77.0,62.0,5.0,0.0,5.0,32.0,6.0,32.0,8.0,1.0,8.0,17.0,0.0,17.0,13.0,0.0,13.0,-26.0,30.0,27.0,48.0,18.0,1.0,-17.0,113.0,36.0,9.0,115.0,39.0,-3.0,-77.0,62.0,30.0,0.0,30.0,42.0,7.0,42.0,33.0,1.0,33.0,5.0,1.0,5.0,13.0,0.0,13.0,17
-5.0,69.0,-6.0,33.0,66.0,37.0,-1.0,113.0,23.0,-14.0,115.0,-3.0,-8.0,-77.0,59.0,7.0,1.0,7.0,25.0,36.0,25.0,5.0,1.0,5.0,14.0,1.0,14.0,12.0,1.0,12.0,-28.0,30.0,18.0,45.0,25.0,86.0,-25.0,114.0,36.0,2.0,116.0,38.0,-8.0,-77.0,59.0,28.0,0.0,28.0,15.0,36.0,15.0,29.0,1.0,29.0,2.0,1.0,2.0,12.0,1.0,12.0,17
-6.0,68.0,-4.0,4.0,30.0,142.0,-3.0,112.0,25.0,-14.0,114.0,-10.0,-10.0,-78.0,53.0,8.0,1.0,8.0,58.0,50.0,58.0,9.0,0.0,9.0,18.0,2.0,18.0,14.0,1.0,14.0,-28.0,30.0,8.0,15.0,-11.0,190.0,-27.0,113.0,33.0,0.0,115.0,33.0,-10.0,-78.0,53.0,32.0,2.0,32.0,53.0,50.0,53.0,33.0,1.0,33.0,10.0,1.0,10.0,14.0,1.0,14.0,17
-7.0,69.0,-1.0,-27.0,-20.0,141.0,-6.0,112.0,27.0,-16.0,112.0,-18.0,-12.0,-77.0,49.0,9.0,0.0,9.0,55.0,24.0,55.0,10.0,1.0,10.0,16.0,1.0,16.0,12.0,0.0,12.0,-30.0,32.0,5.0,-19.0,-61.0,191.0,-30.0,112.0,27.0,-5.0,114.0,30.0,-12.0,-77.0,49.0,30.0,1.0,30.0,47.0,23.0,47.0,34.0,1.0,34.0,5.0,1.0,5.0,12.0,0.0,12.0,17
-8.0,69.0,5.0,-41.0,-44.0,83.0,-8.0,111.0,27.0,-16.0,113.0,-23.0,-11.0,-77.0,46.0,8.0,0.0,8.0,41.0,1.0,41.0,8.0,1.0,8.0,16.0,2.0,16.0,11.0,1.0,11.0,-29.0,31.0,4.0,-33.0,-84.0,127.0,-32.0,111.0,25.0,-5.0,115.0,25.0,-11.0,-77.0,46.0,29.0,2.0,29.0,33.0,1.0,33.0,32.0,0.0,32.0,5.0,1.0,5.0,11.0,1.0,11.0,17
-8.0,69.0,3.0,-41.0,-45.0,63.0,-7.0,112.0,25.0,-15.0,111.0,-27.0,-10.0,-78.0,42.0,12.0,1.0,12.0,41.0,0.0,41.0,7.0,1.0,7.0,15.0,1.0,15.0,10.0,1.0,10.0,-28.0,29.0,1.0,-32.0,-85.0,105.0,-31.0,111.0,24.0,-4.0,114.0,22.0,-10.0,-78.0,42.0,32.0,0.0,32.0,32.0,1.0,32.0,31.0,1.0,31.0,4.0,1.0,4.0,10.0,1.0,10.0,17
-10.0,68.0,1.0,-40.0,-45.0,54.0,-7.0,113.0,23.0,-15.0,112.0,-28.0,-9.0,-77.0,37.0,10.0,1.0,10.0,40.0,0.0,40.0,7.0,1.0,7.0,15.0,0.0,15.0,9.0,1.0,9.0,-30.0,29.0,-4.0,-31.0,-84.0,93.0,-31.0,112.0,23.0,-4.0,115.0,21.0,-9.0,-77.0,37.0,30.0,0.0,30.0,31.0,0.0,31.0,31.0,1.0,31.0,4.0,0.0,4.0,9.0,1.0,9.0,17
-10.0,69.0,14.0,-39.0,-45.0,60.0,-6.0,112.0,23.0,-15.0,112.0,-26.0,-8.0,-78.0,31.0,10.0,1.0,10.0,41.0,1.0,41.0,6.0,1.0,6.0,15.0,0.0,15.0,8.0,0.0,8.0,-30.0,29.0,8.0,-30.0,-84.0,96.0,-30.0,111.0,22.0,-4.0,115.0,22.0,-8.0,-78.0,31.0,30.0,1.0,30.0,30.0,1.0,30.0,30.0,0.0,30.0,4.0,0.0,4.0,8.0,0.0,8.0,17
-9.0,68.0,12.0,-40.0,-44.0,73.0,-5.0,113.0,22.0,-15.0,112.0,-22.0,-7.0,-78.0,28.0,11.0,1.0,11.0,40.0,1.0,40.0,5.0,0.0,5.0,15.0,0.0,15.0,7.0,0.0,7.0,-29.0,28.0,9.0,-29.0,-83.0,107.0,-29.0,111.0,24.0,-3.0,115.0,26.0,-7.0,-78.0,28.0,31.0,1.0,31.0,29.0,1.0,29.0,29.0,0.0,29.0,3.0,1.0,3.0,7.0,0.0,7.0,17
-10.0,69.0,14.0,-38.0,-45.0,93.0,-5.0,113.0,23.0,-15.0,112.0,-21.0,-7.0,-78.0,23.0,10.0,1.0,10.0,38.0,8.0,38.0,5.0,0.0,5.0,15.0,0.0,15.0,7.0,2.0,7.0,-30.0,27.0,13.0,-26.0,-84.0,124.0,-29.0,111.0,27.0,-2.0,114.0,25.0,-7.0,-78.0,23.0,30.0,2.0,30.0,26.0,8.0,26.0,29.0,1.0,29.0,2.0,0.0,2.0,7.0,2.0,7.0,17
-8.0,70.0,13.0,-30.0,-37.0,124.0,-2.0,113.0,21.0,-13.0,112.0,-12.0,-5.0,-76.0,18.0,8.0,0.0,8.0,30.0,17.0,30.0,2.0,0.0,2.0,13.0,1.0,13.0,5.0,2.0,5.0,-28.0,29.0,16.0,-15.0,-76.0,152.0,-26.0,112.0,31.0,2.0,114.0,30.0,-5.0,-76.0,18.0,28.0,1.0,28.0,15.0,16.0,15.0,26.0,0.0,26.0,2.0,0.0,2.0,5.0,2.0,5.0,17
-5.0,70.0,10.0,-18.0,-20.0,138.0,-1.0,113.0,22.0,-13.0,113.0,-9.0,-5.0,-78.0,33.0,5.0,1.0,5.0,18.0,44.0,18.0,1.0,0.0,1.0,13.0,1.0,13.0,5.0,1.0,5.0,-27.0,30.0,19.0,-5.0,-60.0,171.0,-25.0,112.0,33.0,2.0,114.0,32.0,-5.0,-78.0,33.0,27.0,2.0,27.0,5.0,43.0,5.0,25.0,1.0,25.0,2.0,1.0,2.0,5.0,1.0,5.0,17
-4.0,71.0,11.0,4.0,24.0,146.0,2.0,113.0,18.0,-12.0,114.0,-3.0,-4.0,-77.0,33.0,6.0,1.0,6.0,4.0,36.0,4.0,2.0,0.0,2.0,12.0,1.0,12.0,4.0,1.0,4.0,-25.0,32.0,19.0,19.0,-17.0,172.0,-21.0,113.0,34.0,6.0,115.0,34.0,-4.0,-77.0,33.0,27.0,0.0,27.0,19.0,36.0,19.0,21.0,1.0,21.0,6.0,0.0,6.0,4.0,1.0,4.0,17
-5.0,70.0,10.0,16.0,60.0,95.0,4.0,113.0,15.0,-11.0,115.0,-1.0,-4.0,-76.0,35.0,5.0,1.0,5.0,14.0,11.0,14.0,2.0,0.0,2.0,11.0,1.0,11.0,4.0,0.0,4.0,-26.0,32.0,21.0,30.0,19.0,122.0,-20.0,114.0,33.0,7.0,115.0,35.0,-4.0,-76.0,35.0,26.0,0.0,26.0,30.0,12.0,30.0,22.0,0.0,22.0,7.0,0.0,7.0,4.0,0.0,4.0,17
-5.0,71.0,11.0,15.0,71.0,56.0,3.0,113.0,14.0,-11.0,114.0,-1.0,-4.0,-76.0,38.0,7.0,0.0,7.0,7.0,2.0,7.0,3.0,0.0,3.0,11.0,0.0,11.0,4.0,0.0,4.0,-26.0,32.0,23.0,30.0,31.0,84.0,-21.0,114.0,33.0,7.0,115.0,35.0,-4.0,-76.0,38.0,28.0,0.0,28.0,22.0,2.0,22.0,21.0,1.0,21.0,7.0,0.0,7.0,4.0,0.0,4.0,17
-6.0,71.0,7.0,11.0,73.0,17.0,4.0,113.0,13.0,-11.0,114.0,-4.0,-3.0,-76.0,36.0,10.0,1.0,10.0,7.0,2.0,7.0,4.0,0.0,4.0,11.0,1.0,11.0,3.0,0.0,3.0,-27.0,32.0,20.0,26.0,33.0,44.0,-20.0,113.0,32.0,7.0,115.0,32.0,-3.0,-76.0,36.0,27.0,1.0,27.0,14.0,1.0,14.0,20.0,1.0,20.0,7.0,0.0,7.0,3.0,0.0,3.0,17
-8.0,70.0,-4.0,2.0,71.0,-17.0,6.0,113.0,9.0,-10.0,113.0,-5.0,-1.0,-76.0,39.0,8.0,0.0,8.0,2.0,0.0,2.0,4.0,0.0,4.0,10.0,1.0,10.0,1.0,0.0,1.0,-27.0,31.0,10.0,20.0,32.0,7.0,-18.0,114.0,30.0,9.0,115.0,29.0,-1.0,-76.0,39.0,27.0,0.0,27.0,20.0,0.0,20.0,18.0,0.0,18.0,9.0,1.0,9.0,1.0,0.0,1.0,17
-6.0,70.0,2.0,3.0,71.0,-23.0,5.0,113.0,9.0,-9.0,114.0,-3.0,0.0,-76.0,39.0,8.0,0.0,8.0,1.0,0.0,1.0,5.0,0.0,5.0,9.0,0.0,9.0,0.0,0.0,0.0,-25.0,31.0,17.0,21.0,32.0,-1.0,-18.0,114.0,30.0,10.0,116.0,30.0,0.0,-76.0,39.0,27.0,0.0,27.0,19.0,1.0,19.0,18.0,0.0,18.0,10.0,0.0,10.0,0.0,0.0,0.0,17
-7.0,70.0,0.0,2.0,71.0,-17.0,6.0,113.0,8.0,-9.0,114.0,-2.0,0.0,-76.0,41.0,7.0,1.0,7.0,2.0,0.0,2.0,6.0,0.0,6.0,9.0,0.0,9.0,0.0,1.0,0.0,-26.0,31.0,16.0,20.0,31.0,3.0,-17.0,114.0,31.0,10.0,116.0,29.0,0.0,-76.0,41.0,26.0,1.0,26.0,20.0,0.0,20.0,17.0,1.0,17.0,10.0,1.0,10.0,0.0,1.0,0.0,17
-7.0,71.0,2.0,3.0,71.0,-17.0,8.0,113.0,5.0,-8.0,114.0,0.0,2.0,-77.0,40.0,-7.0,71.0,-7.0,3.0,71.0,3.0,8.0,113.0,8.0,-8.0,114.0,-8.0,2.0,-77.0,2.0,-25.0,30.0,20.0,22.0,31.0,1.0,-15.0,113.0,30.0,12.0,115.0,31.0,2.0,-77.0,40.0,-25.0,30.0,-25.0,22.0,31.0,22.0,-15.0,113.0,-15.0,12.0,115.0,12.0,2.0,-77.0,2.0,17
