left_arm_local_X,left_arm_local_Y,left_arm_local_Z,right_arm_local_X,right_arm_local_Y,right_arm_local_Z,left_leg_local_X,left_leg_local_Y,left_leg_local_Z,right_leg_local_X,right_leg_local_Y,right_leg_local_Z,waist_head_local_X,waist_head_local_Y,waist_head_local_Z,left_arm_local_distX,left_arm_local__distY,left_arm_local__distZ,right_arm_local__distX,right_arm_local__distY,right_arm_local__distZ,left_leg_local__distX,left_leg_local__distY,left_leg_local__distZ,right_leg_local__distX,right_leg_local__distY,right_leg_local__distZ,waist_head_local__distX,waist_head_local__distY,waist_head_local__distZ,left_arm_global_X,left_arm_global_Y,left_arm_global_Z,right_arm_global_X,right_arm_global_Y,right_arm_global_Z,left_leg_global_X,left_leg_global_Y,left_leg_global_Z,right_leg_global_X,right_leg_global_Y,right_leg_global_Z,waist_head_global_X,waist_head_global_Y,waist_head_global_Z,left_arm_global_distX,left_arm_global__distY,left_arm_global__distZ,right_arm_global__distX,right_arm_global__distY,right_arm_global__distZ,left_leg_global__distX,left_leg_global__distY,left_leg_global__distZ,right_leg_global__distX,right_leg_global__distY,right_global__leg_distZ,waist_head_global__distX,waist_head_global__distY,waist_head_global__distZ,label
0.0,69.0,21.0,1.0,70.0,4.0,7.0,108.0,11.0,-10.0,108.0,11.0,-2.0,-70.0,32.0,8.0,1.0,8.0,1.0,0.0,1.0,5.0,1.0,5.0,10.0,1.0,10.0,4.0,0.0,4.0,-21.0,31.0,28.0,20.0,30.0,13.0,-12.0,106.0,35.0,8.0,107.0,36.0,-2.0,-70.0,32.0,29.0,0.0,29.0,20.0,0.0,20.0,14.0,0.0,14.0,8.0,0.0,8.0,4.0,0.0,4.0,17
-4.0,70.0,28.0,1.0,70.0,4.0,6.0,109.0,13.0,-9.0,109.0,11.0,-3.0,-70.0,32.0,4.0,1.0,4.0,1.0,0.0,1.0,6.0,1.0,6.0,9.0,0.0,9.0,3.0,0.0,3.0,-25.0,31.0,33.0,20.0,30.0,12.0,-13.0,106.0,35.0,8.0,107.0,36.0,-3.0,-70.0,32.0,25.0,1.0,25.0,18.0,0.0,18.0,13.0,0.0,13.0,8.0,0.0,8.0,3.0,0.0,3.0,17
-1.0,69.0,15.0,0.0,70.0,11.0,7.0,108.0,10.0,-8.0,109.0,12.0,-3.0,-70.0,34.0,1.0,1.0,1.0,0.0,1.0,0.0,7.0,0.0,7.0,10.0,1.0,10.0,3.0,1.0,3.0,-22.0,30.0,24.0,19.0,30.0,18.0,-12.0,106.0,35.0,9.0,107.0,36.0,-3.0,-70.0,34.0,22.0,1.0,22.0,19.0,0.0,19.0,12.0,1.0,12.0,9.0,0.0,9.0,3.0,1.0,3.0,17
0.0,70.0,14.0,10.0,69.0,10.0,8.0,108.0,10.0,-9.0,108.0,15.0,-3.0,-69.0,37.0,0.0,1.0,0.0,10.0,7.0,10.0,8.0,1.0,8.0,9.0,0.0,9.0,5.0,0.0,5.0,-22.0,31.0,24.0,28.0,30.0,17.0,-11.0,107.0,35.0,9.0,107.0,37.0,-3.0,-69.0,37.0,22.0,0.0,22.0,28.0,7.0,28.0,11.0,0.0,11.0,9.0,0.0,9.0,5.0,0.0,5.0,17
3.0,71.0,9.0,25.0,62.0,20.0,8.0,109.0,10.0,-8.0,108.0,22.0,-4.0,-69.0,47.0,1.0,0.0,1.0,25.0,10.0,25.0,8.0,0.0,8.0,8.0,1.0,8.0,4.0,1.0,4.0,-21.0,31.0,29.0,42.0,23.0,27.0,-10.0,107.0,40.0,11.0,107.0,41.0,-4.0,-69.0,47.0,21.0,0.0,21.0,42.0,10.0,42.0,10.0,0.0,10.0,11.0,0.0,11.0,4.0,1.0,4.0,17
2.0,71.0,-2.0,37.0,52.0,19.0,10.0,109.0,5.0,-5.0,109.0,26.0,-3.0,-68.0,55.0,2.0,1.0,2.0,37.0,12.0,37.0,10.0,0.0,10.0,5.0,1.0,5.0,3.0,0.0,3.0,-21.0,31.0,25.0,54.0,13.0,25.0,-7.0,107.0,38.0,14.0,107.0,40.0,-3.0,-68.0,55.0,21.0,1.0,21.0,54.0,12.0,54.0,7.0,0.0,7.0,14.0,1.0,14.0,3.0,0.0,3.0,17
4.0,70.0,-8.0,46.0,40.0,14.0,11.0,109.0,1.0,-3.0,108.0,33.0,-3.0,-68.0,61.0,2.0,0.0,2.0,46.0,17.0,46.0,11.0,0.0,11.0,3.0,0.0,3.0,3.0,3.0,3.0,-19.0,30.0,26.0,63.0,1.0,20.0,-4.0,107.0,38.0,17.0,106.0,41.0,-3.0,-68.0,61.0,19.0,1.0,19.0,63.0,16.0,63.0,4.0,1.0,4.0,17.0,1.0,17.0,3.0,3.0,3.0,17
3.0,70.0,-9.0,55.0,23.0,-23.0,12.0,109.0,0.0,-1.0,108.0,37.0,-1.0,-65.0,74.0,1.0,0.0,1.0,53.0,11.0,53.0,12.0,1.0,12.0,1.0,0.0,1.0,1.0,2.0,1.0,-18.0,31.0,33.0,73.0,-15.0,-15.0,-2.0,108.0,39.0,19.0,107.0,42.0,-1.0,-65.0,74.0,18.0,0.0,18.0,73.0,10.0,73.0,2.0,0.0,2.0,19.0,0.0,19.0,1.0,2.0,1.0,17
2.0,70.0,-12.0,54.0,12.0,-41.0,13.0,108.0,2.0,0.0,108.0,39.0,1.0,-63.0,83.0,0.0,1.0,0.0,52.0,5.0,52.0,13.0,0.0,13.0,0.0,0.0,0.0,1.0,2.0,1.0,-17.0,31.0,39.0,73.0,-25.0,-31.0,-1.0,108.0,41.0,20.0,107.0,44.0,1.0,-63.0,83.0,17.0,0.0,17.0,71.0,5.0,71.0,1.0,0.0,1.0,20.0,0.0,20.0,1.0,2.0,1.0,17
1.0,69.0,-20.0,53.0,7.0,-57.0,13.0,108.0,1.0,1.0,108.0,44.0,2.0,-61.0,92.0,5.0,1.0,5.0,43.0,1.0,43.0,13.0,1.0,13.0,1.0,0.0,1.0,2.0,4.0,2.0,-17.0,31.0,39.0,72.0,-30.0,-44.0,-1.0,108.0,41.0,21.0,107.0,47.0,2.0,-61.0,92.0,17.0,2.0,17.0,68.0,1.0,68.0,1.0,1.0,1.0,21.0,1.0,21.0,2.0,4.0,2.0,17
-2.0,68.0,-28.0,48.0,6.0,-73.0,15.0,107.0,-1.0,5.0,108.0,48.0,6.0,-57.0,103.0,6.0,1.0,6.0,38.0,5.0,38.0,13.0,1.0,13.0,3.0,0.0,3.0,6.0,4.0,6.0,-16.0,33.0,42.0,70.0,-29.0,-56.0,4.0,109.0,43.0,25.0,108.0,44.0,6.0,-57.0,103.0,20.0,1.0,20.0,62.0,6.0,62.0,2.0,1.0,2.0,23.0,1.0,23.0,6.0,4.0,6.0,17
-4.0,67.0,-33.0,43.0,11.0,-96.0,14.0,108.0,3.0,4.0,108.0,53.0,6.0,-53.0,108.0,4.0,1.0,4.0,29.0,12.0,29.0,12.0,1.0,12.0,2.0,1.0,2.0,4.0,1.0,4.0,-18.0,34.0,39.0,66.0,-23.0,-75.0,3.0,110.0,47.0,24.0,109.0,50.0,6.0,-53.0,108.0,22.0,0.0,22.0,50.0,14.0,50.0,3.0,1.0,3.0,18.0,2.0,18.0,4.0,1.0,4.0,17
-4.0,66.0,-36.0,36.0,23.0,-106.0,13.0,109.0,9.0,1.0,109.0,55.0,5.0,-52.0,111.0,4.0,1.0,4.0,16.0,26.0,16.0,7.0,2.0,7.0,9.0,1.0,9.0,1.0,4.0,1.0,-20.0,34.0,37.0,58.0,-9.0,-78.0,0.0,111.0,51.0,21.0,111.0,54.0,5.0,-52.0,111.0,24.0,1.0,24.0,34.0,27.0,34.0,12.0,0.0,12.0,9.0,1.0,9.0,1.0,4.0,1.0,17
-1.0,67.0,-29.0,26.0,49.0,-85.0,10.0,111.0,21.0,-4.0,108.0,48.0,3.0,-56.0,110.0,1.0,2.0,1.0,12.0,18.0,12.0,6.0,0.0,6.0,8.0,0.0,8.0,3.0,3.0,3.0,-22.0,33.0,37.0,46.0,18.0,-44.0,-6.0,111.0,57.0,15.0,112.0,59.0,3.0,-56.0,110.0,24.0,1.0,24.0,30.0,18.0,30.0,12.0,0.0,12.0,9.0,1.0,9.0,3.0,3.0,3.0,17
0.0,69.0,-20.0,19.0,67.0,-20.0,8.0,111.0,25.0,-6.0,108.0,43.0,0.0,-59.0,103.0,0.0,2.0,0.0,1.0,3.0,1.0,6.0,0.0,6.0,8.0,2.0,8.0,2.0,4.0,2.0,-23.0,34.0,38.0,38.0,36.0,25.0,-9.0,111.0,56.0,12.0,113.0,60.0,0.0,-59.0,103.0,23.0,1.0,23.0,18.0,2.0,18.0,15.0,1.0,15.0,8.0,1.0,8.0,2.0,4.0,2.0,17
0.0,71.0,-11.0,10.0,70.0,66.0,7.0,111.0,29.0,-7.0,110.0,33.0,-1.0,-63.0,86.0,4.0,2.0,4.0,34.0,43.0,34.0,1.0,1.0,1.0,11.0,1.0,11.0,5.0,4.0,5.0,-23.0,35.0,33.0,28.0,38.0,110.0,-12.0,112.0,54.0,10.0,114.0,58.0,-1.0,-63.0,86.0,27.0,3.0,27.0,20.0,47.0,20.0,22.0,1.0,22.0,2.0,1.0,2.0,5.0,4.0,5.0,17
-2.0,69.0,5.0,-12.0,27.0,144.0,3.0,110.0,28.0,-9.0,111.0,21.0,-3.0,-67.0,65.0,2.0,1.0,2.0,38.0,45.0,38.0,3.0,1.0,3.0,13.0,1.0,13.0,5.0,2.0,5.0,-25.0,32.0,27.0,4.0,-9.0,181.0,-17.0,111.0,45.0,6.0,113.0,52.0,-3.0,-67.0,65.0,25.0,1.0,25.0,20.0,45.0,20.0,23.0,0.0,23.0,0.0,0.0,0.0,5.0,2.0,5.0,17
-2.0,68.0,14.0,-25.0,-18.0,149.0,0.0,109.0,23.0,-11.0,112.0,10.0,-4.0,-69.0,49.0,4.0,1.0,4.0,25.0,33.0,25.0,8.0,1.0,8.0,13.0,1.0,13.0,14.0,1.0,14.0,-24.0,31.0,28.0,-8.0,-54.0,186.0,-20.0,111.0,36.0,3.0,113.0,44.0,-4.0,-69.0,49.0,26.0,3.0,26.0,16.0,32.0,16.0,28.0,2.0,28.0,5.0,1.0,5.0,14.0,1.0,14.0,17
-3.0,67.0,27.0,-24.0,-51.0,125.0,-4.0,108.0,20.0,-12.0,111.0,-9.0,-9.0,-68.0,32.0,3.0,1.0,3.0,24.0,14.0,24.0,4.0,1.0,4.0,12.0,1.0,12.0,9.0,2.0,9.0,-25.0,28.0,18.0,-12.0,-86.0,160.0,-24.0,109.0,22.0,-1.0,112.0,33.0,-9.0,-68.0,32.0,25.0,0.0,25.0,12.0,17.0,12.0,24.0,2.0,24.0,1.0,2.0,1.0,9.0,2.0,9.0,17
-3.0,66.0,28.0,-21.0,-65.0,79.0,-3.0,107.0,13.0,-12.0,110.0,-16.0,-9.0,-70.0,22.0,3.0,1.0,3.0,21.0,1.0,21.0,3.0,0.0,3.0,12.0,0.0,12.0,9.0,1.0,9.0,-25.0,28.0,11.0,-9.0,-103.0,106.0,-24.0,107.0,15.0,-1.0,110.0,26.0,-9.0,-70.0,22.0,25.0,1.0,25.0,9.0,2.0,9.0,24.0,0.0,24.0,1.0,0.0,1.0,9.0,1.0,9.0,17
-1.0,65.0,32.0,-14.0,-64.0,51.0,-1.0,107.0,8.0,-11.0,110.0,-17.0,-6.0,-69.0,13.0,1.0,0.0,1.0,14.0,4.0,14.0,1.0,1.0,1.0,13.0,1.0,13.0,6.0,0.0,6.0,-24.0,29.0,10.0,-4.0,-101.0,72.0,-22.0,107.0,13.0,0.0,110.0,23.0,-6.0,-69.0,13.0,26.0,1.0,26.0,4.0,3.0,4.0,22.0,1.0,22.0,2.0,0.0,2.0,6.0,0.0,6.0,17
-1.0,65.0,32.0,-10.0,-60.0,29.0,-1.0,106.0,8.0,-12.0,111.0,-19.0,-6.0,-69.0,9.0,1.0,0.0,1.0,10.0,5.0,10.0,3.0,0.0,3.0,14.0,2.0,14.0,6.0,0.0,6.0,-25.0,30.0,6.0,-1.0,-98.0,48.0,-22.0,106.0,11.0,-1.0,110.0,21.0,-6.0,-69.0,9.0,25.0,0.0,25.0,1.0,4.0,1.0,24.0,0.0,24.0,3.0,2.0,3.0,6.0,0.0,6.0,17
0.0,65.0,30.0,-8.0,-55.0,28.0,-2.0,106.0,12.0,-13.0,109.0,-17.0,-6.0,-69.0,8.0,2.0,1.0,2.0,8.0,2.0,8.0,2.0,0.0,2.0,13.0,1.0,13.0,6.0,0.0,6.0,-25.0,30.0,7.0,1.0,-94.0,44.0,-23.0,106.0,16.0,-2.0,108.0,23.0,-6.0,-69.0,8.0,27.0,1.0,27.0,1.0,2.0,1.0,23.0,0.0,23.0,2.0,0.0,2.0,6.0,0.0,6.0,17
-1.0,64.0,35.0,-8.0,-53.0,31.0,-2.0,106.0,14.0,-13.0,110.0,-17.0,-6.0,-69.0,9.0,3.0,0.0,3.0,14.0,1.0,14.0,2.0,1.0,2.0,13.0,0.0,13.0,6.0,0.0,6.0,-26.0,29.0,11.0,1.0,-92.0,47.0,-23.0,106.0,17.0,-2.0,108.0,23.0,-6.0,-69.0,9.0,26.0,2.0,26.0,1.0,1.0,1.0,23.0,0.0,23.0,2.0,0.0,2.0,6.0,0.0,6.0,17
-2.0,64.0,28.0,-11.0,-54.0,50.0,1.0,107.0,14.0,-11.0,110.0,-6.0,-4.0,-69.0,10.0,6.0,1.0,6.0,19.0,6.0,19.0,1.0,1.0,1.0,11.0,0.0,11.0,6.0,0.0,6.0,-25.0,27.0,10.0,1.0,-93.0,66.0,-19.0,106.0,24.0,3.0,108.0,30.0,-4.0,-69.0,10.0,29.0,1.0,29.0,1.0,7.0,1.0,19.0,0.0,19.0,3.0,0.0,3.0,6.0,0.0,6.0,17
-4.0,65.0,23.0,-15.0,-48.0,86.0,4.0,108.0,15.0,-11.0,110.0,2.0,-5.0,-69.0,12.0,8.0,1.0,8.0,15.0,14.0,15.0,4.0,1.0,4.0,11.0,0.0,11.0,5.0,0.0,5.0,-27.0,26.0,14.0,0.0,-86.0,97.0,-17.0,106.0,30.0,4.0,108.0,35.0,-5.0,-69.0,12.0,27.0,0.0,27.0,0.0,16.0,0.0,17.0,0.0,17.0,4.0,0.0,4.0,5.0,0.0,5.0,17
-6.0,66.0,15.0,-13.0,-34.0,118.0,7.0,109.0,13.0,-9.0,110.0,10.0,-5.0,-69.0,12.0,6.0,1.0,6.0,13.0,27.0,13.0,7.0,0.0,7.0,9.0,1.0,9.0,5.0,0.0,5.0,-27.0,26.0,11.0,5.0,-70.0,123.0,-13.0,106.0,34.0,8.0,108.0,37.0,-5.0,-69.0,12.0,27.0,1.0,27.0,5.0,27.0,5.0,13.0,0.0,13.0,8.0,0.0,8.0,5.0,0.0,5.0,17
-6.0,67.0,13.0,-9.0,-7.0,143.0,7.0,109.0,12.0,-8.0,109.0,15.0,-3.0,-69.0,14.0,6.0,0.0,6.0,9.0,62.0,9.0,7.0,0.0,7.0,8.0,1.0,8.0,5.0,1.0,5.0,-27.0,27.0,15.0,10.0,-43.0,145.0,-11.0,106.0,36.0,10.0,108.0,39.0,-3.0,-69.0,14.0,27.0,4.0,27.0,10.0,58.0,10.0,13.0,1.0,13.0,8.0,1.0,8.0,5.0,1.0,5.0,17
-2.0,67.0,27.0,6.0,55.0,93.0,8.0,109.0,17.0,-7.0,110.0,13.0,-4.0,-68.0,13.0,6.0,1.0,6.0,4.0,13.0,4.0,8.0,1.0,8.0,7.0,0.0,7.0,4.0,1.0,4.0,-26.0,31.0,20.0,20.0,15.0,101.0,-12.0,107.0,36.0,9.0,107.0,42.0,-4.0,-68.0,13.0,26.0,1.0,26.0,20.0,14.0,20.0,12.0,1.0,12.0,9.0,0.0,9.0,4.0,1.0,4.0,17
-4.0,68.0,21.0,5.0,68.0,34.0,10.0,108.0,13.0,-6.0,110.0,13.0,-4.0,-69.0,14.0,4.0,0.0,4.0,1.0,0.0,1.0,8.0,0.0,8.0,6.0,0.0,6.0,4.0,0.0,4.0,-26.0,30.0,19.0,22.0,29.0,44.0,-10.0,106.0,35.0,11.0,107.0,40.0,-4.0,-69.0,14.0,26.0,0.0,26.0,18.0,0.0,18.0,12.0,0.0,12.0,9.0,0.0,9.0,4.0,0.0,4.0,17
-4.0,68.0,19.0,3.0,68.0,-10.0,9.0,108.0,16.0,-6.0,110.0,12.0,-3.0,-69.0,18.0,-4.0,68.0,-4.0,3.0,68.0,3.0,9.0,108.0,9.0,-6.0,110.0,-6.0,-3.0,-69.0,-3.0,-25.0,30.0,17.0,20.0,29.0,0.0,-11.0,106.0,34.0,10.0,107.0,41.0,-3.0,-69.0,18.0,-25.0,30.0,-25.0,20.0,29.0,20.0,-11.0,106.0,-11.0,10.0,107.0,10.0,-3.0,-69.0,-3.0,17
