left_arm_local_X,left_arm_local_Y,left_arm_local_Z,right_arm_local_X,right_arm_local_Y,right_arm_local_Z,left_leg_local_X,left_leg_local_Y,left_leg_local_Z,right_leg_local_X,right_leg_local_Y,right_leg_local_Z,waist_head_local_X,waist_head_local_Y,waist_head_local_Z,left_arm_local_distX,left_arm_local__distY,left_arm_local__distZ,right_arm_local__distX,right_arm_local__distY,right_arm_local__distZ,left_leg_local__distX,left_leg_local__distY,left_leg_local__distZ,right_leg_local__distX,right_leg_local__distY,right_leg_local__distZ,waist_head_local__distX,waist_head_local__distY,waist_head_local__distZ,left_arm_global_X,left_arm_global_Y,left_arm_global_Z,right_arm_global_X,right_arm_global_Y,right_arm_global_Z,left_leg_global_X,left_leg_global_Y,left_leg_global_Z,right_leg_global_X,right_leg_global_Y,right_leg_global_Z,waist_head_global_X,waist_head_global_Y,waist_head_global_Z,left_arm_global_distX,left_arm_global__distY,left_arm_global__distZ,right_arm_global__distX,right_arm_global__distY,right_arm_global__distZ,left_leg_global__distX,left_leg_global__distY,left_leg_global__distZ,right_leg_global__distX,right_leg_global__distY,right_global__leg_distZ,waist_head_global__distX,waist_head_global__distY,waist_head_global__distZ,label
-4.0,70.0,8.0,8.0,73.0,34.0,7.0,113.0,10.0,-9.0,115.0,-3.0,-6.0,-75.0,35.0,4.0,0.0,4.0,8.0,1.0,8.0,5.0,0.0,5.0,11.0,0.0,11.0,6.0,1.0,6.0,-25.0,34.0,14.0,23.0,33.0,53.0,-17.0,115.0,30.0,9.0,115.0,31.0,-6.0,-75.0,35.0,25.0,0.0,25.0,23.0,1.0,23.0,19.0,0.0,19.0,7.0,0.0,7.0,6.0,1.0,6.0,17
-3.0,70.0,14.0,9.0,74.0,20.0,6.0,113.0,13.0,-10.0,115.0,-5.0,-5.0,-76.0,36.0,7.0,0.0,7.0,1.0,0.0,1.0,6.0,0.0,6.0,10.0,1.0,10.0,5.0,0.0,5.0,-23.0,34.0,21.0,24.0,34.0,42.0,-18.0,115.0,32.0,8.0,115.0,31.0,-5.0,-76.0,36.0,25.0,0.0,25.0,20.0,0.0,20.0,18.0,0.0,18.0,8.0,0.0,8.0,5.0,0.0,5.0,17
-5.0,70.0,1.0,5.0,74.0,14.0,7.0,113.0,13.0,-8.0,114.0,-4.0,-4.0,-76.0,36.0,7.0,0.0,7.0,3.0,1.0,3.0,5.0,1.0,5.0,10.0,0.0,10.0,6.0,0.0,6.0,-24.0,34.0,9.0,22.0,34.0,37.0,-17.0,115.0,33.0,10.0,115.0,31.0,-4.0,-76.0,36.0,28.0,1.0,28.0,18.0,1.0,18.0,19.0,1.0,19.0,8.0,0.0,8.0,6.0,0.0,6.0,17
-6.0,70.0,2.0,4.0,73.0,6.0,6.0,112.0,14.0,-9.0,114.0,-4.0,-5.0,-76.0,36.0,6.0,1.0,6.0,4.0,0.0,4.0,6.0,0.0,6.0,9.0,1.0,9.0,5.0,0.0,5.0,-26.0,33.0,9.0,20.0,33.0,31.0,-18.0,114.0,32.0,9.0,115.0,31.0,-5.0,-76.0,36.0,26.0,1.0,26.0,20.0,0.0,20.0,18.0,0.0,18.0,9.0,1.0,9.0,5.0,0.0,5.0,17
-6.0,69.0,0.0,4.0,73.0,13.0,7.0,112.0,10.0,-8.0,115.0,-1.0,-5.0,-76.0,39.0,6.0,1.0,6.0,4.0,1.0,4.0,7.0,1.0,7.0,8.0,0.0,8.0,5.0,0.0,5.0,-26.0,32.0,11.0,20.0,33.0,37.0,-17.0,114.0,31.0,10.0,116.0,33.0,-5.0,-76.0,39.0,26.0,0.0,26.0,20.0,1.0,20.0,17.0,1.0,17.0,10.0,1.0,10.0,5.0,0.0,5.0,17
-6.0,70.0,4.0,6.0,72.0,31.0,8.0,113.0,8.0,-8.0,115.0,2.0,-3.0,-76.0,42.0,6.0,2.0,6.0,6.0,2.0,6.0,6.0,1.0,6.0,8.0,0.0,8.0,3.0,0.0,3.0,-25.0,32.0,15.0,23.0,32.0,52.0,-15.0,115.0,33.0,12.0,115.0,32.0,-3.0,-76.0,42.0,25.0,1.0,25.0,23.0,3.0,23.0,15.0,1.0,15.0,12.0,1.0,12.0,3.0,0.0,3.0,17
-4.0,72.0,5.0,7.0,70.0,39.0,7.0,112.0,9.0,-8.0,115.0,2.0,-3.0,-76.0,44.0,4.0,0.0,4.0,7.0,6.0,7.0,7.0,0.0,7.0,8.0,0.0,8.0,3.0,1.0,3.0,-24.0,33.0,19.0,24.0,29.0,58.0,-15.0,114.0,34.0,12.0,114.0,33.0,-3.0,-76.0,44.0,24.0,0.0,24.0,24.0,6.0,24.0,15.0,0.0,15.0,12.0,0.0,12.0,3.0,1.0,3.0,17
-3.0,72.0,7.0,22.0,64.0,52.0,10.0,112.0,2.0,-7.0,115.0,11.0,-2.0,-77.0,47.0,5.0,0.0,5.0,22.0,8.0,22.0,10.0,0.0,10.0,7.0,1.0,7.0,2.0,0.0,2.0,-23.0,33.0,29.0,39.0,23.0,65.0,-11.0,114.0,35.0,15.0,114.0,34.0,-2.0,-77.0,47.0,23.0,1.0,23.0,39.0,7.0,39.0,11.0,0.0,11.0,15.0,1.0,15.0,2.0,0.0,2.0,17
-4.0,72.0,6.0,31.0,56.0,50.0,11.0,112.0,-2.0,-4.0,114.0,15.0,0.0,-77.0,44.0,4.0,0.0,4.0,31.0,10.0,31.0,11.0,0.0,11.0,4.0,1.0,4.0,0.0,0.0,0.0,-23.0,32.0,30.0,48.0,16.0,62.0,-9.0,114.0,34.0,18.0,113.0,34.0,0.0,-77.0,44.0,23.0,1.0,23.0,48.0,10.0,48.0,9.0,1.0,9.0,18.0,1.0,18.0,0.0,0.0,0.0,17
-2.0,72.0,14.0,39.0,46.0,43.0,12.0,112.0,-5.0,-4.0,115.0,16.0,2.0,-77.0,45.0,2.0,0.0,2.0,39.0,17.0,39.0,12.0,1.0,12.0,4.0,1.0,4.0,2.0,0.0,2.0,-21.0,31.0,41.0,57.0,6.0,52.0,-7.0,115.0,32.0,19.0,112.0,33.0,2.0,-77.0,45.0,21.0,0.0,21.0,57.0,17.0,57.0,7.0,1.0,7.0,19.0,1.0,19.0,2.0,0.0,2.0,17
-1.0,72.0,13.0,47.0,29.0,26.0,15.0,111.0,-13.0,1.0,114.0,22.0,4.0,-77.0,47.0,1.0,1.0,1.0,47.0,9.0,47.0,15.0,0.0,15.0,1.0,0.0,1.0,4.0,0.0,4.0,-19.0,31.0,46.0,65.0,-11.0,28.0,-3.0,114.0,31.0,24.0,111.0,30.0,4.0,-77.0,47.0,19.0,1.0,19.0,65.0,9.0,65.0,3.0,1.0,3.0,24.0,1.0,24.0,4.0,0.0,4.0,17
0.0,73.0,15.0,49.0,20.0,6.0,15.0,111.0,-17.0,2.0,114.0,24.0,5.0,-77.0,47.0,0.0,1.0,0.0,49.0,6.0,49.0,15.0,0.0,15.0,2.0,2.0,2.0,5.0,1.0,5.0,-16.0,30.0,51.0,67.0,-20.0,4.0,-1.0,113.0,30.0,26.0,110.0,27.0,5.0,-77.0,47.0,16.0,1.0,16.0,67.0,5.0,67.0,1.0,0.0,1.0,26.0,1.0,26.0,5.0,1.0,5.0,17
2.0,72.0,13.0,51.0,14.0,-18.0,15.0,111.0,-23.0,5.0,112.0,26.0,6.0,-78.0,47.0,2.0,1.0,2.0,43.0,5.0,43.0,13.0,1.0,13.0,5.0,0.0,5.0,6.0,1.0,6.0,-14.0,29.0,53.0,68.0,-25.0,-24.0,1.0,113.0,26.0,28.0,109.0,23.0,6.0,-78.0,47.0,14.0,0.0,14.0,60.0,4.0,60.0,1.0,1.0,1.0,28.0,0.0,28.0,6.0,1.0,6.0,17
2.0,73.0,7.0,47.0,9.0,-57.0,14.0,110.0,-27.0,6.0,112.0,33.0,8.0,-77.0,46.0,2.0,0.0,2.0,41.0,0.0,41.0,14.0,0.0,14.0,6.0,0.0,6.0,8.0,0.0,8.0,-12.0,29.0,53.0,64.0,-29.0,-63.0,2.0,112.0,24.0,29.0,109.0,24.0,8.0,-77.0,46.0,12.0,0.0,12.0,58.0,1.0,58.0,2.0,0.0,2.0,29.0,0.0,29.0,8.0,0.0,8.0,17
0.0,73.0,3.0,44.0,9.0,-82.0,14.0,110.0,-29.0,7.0,112.0,32.0,10.0,-77.0,49.0,0.0,0.0,0.0,38.0,4.0,38.0,14.0,1.0,14.0,7.0,0.0,7.0,10.0,1.0,10.0,-12.0,29.0,51.0,61.0,-28.0,-88.0,4.0,112.0,23.0,31.0,109.0,21.0,10.0,-77.0,49.0,12.0,0.0,12.0,55.0,4.0,55.0,4.0,1.0,4.0,31.0,1.0,31.0,10.0,1.0,10.0,17
0.0,73.0,-1.0,41.0,13.0,-101.0,14.0,109.0,-32.0,9.0,112.0,35.0,11.0,-76.0,52.0,4.0,1.0,4.0,17.0,13.0,17.0,12.0,1.0,12.0,5.0,2.0,5.0,9.0,1.0,9.0,-12.0,29.0,50.0,58.0,-24.0,-108.0,5.0,111.0,21.0,32.0,110.0,20.0,11.0,-76.0,52.0,18.0,1.0,18.0,38.0,11.0,38.0,5.0,1.0,5.0,20.0,2.0,20.0,9.0,1.0,9.0,17
-2.0,72.0,-10.0,29.0,26.0,-119.0,13.0,110.0,-21.0,2.0,114.0,36.0,10.0,-77.0,64.0,4.0,0.0,4.0,17.0,10.0,17.0,11.0,1.0,11.0,4.0,0.0,4.0,4.0,0.0,4.0,-15.0,30.0,46.0,48.0,-13.0,-112.0,0.0,112.0,29.0,26.0,112.0,31.0,10.0,-77.0,64.0,21.0,0.0,21.0,40.0,10.0,40.0,10.0,1.0,10.0,18.0,1.0,18.0,4.0,0.0,4.0,17
-3.0,72.0,-11.0,23.0,36.0,-115.0,12.0,111.0,-12.0,-1.0,114.0,30.0,7.0,-77.0,68.0,7.0,1.0,7.0,19.0,14.0,19.0,8.0,0.0,8.0,7.0,0.0,7.0,3.0,1.0,3.0,-18.0,30.0,43.0,44.0,-3.0,-97.0,-5.0,113.0,33.0,22.0,113.0,36.0,7.0,-77.0,68.0,24.0,1.0,24.0,40.0,13.0,40.0,11.0,0.0,11.0,16.0,1.0,16.0,3.0,1.0,3.0,17
-5.0,71.0,-10.0,21.0,50.0,-84.0,10.0,111.0,-4.0,-4.0,114.0,26.0,5.0,-76.0,68.0,7.0,1.0,7.0,21.0,18.0,21.0,4.0,1.0,4.0,20.0,0.0,20.0,9.0,0.0,9.0,-21.0,31.0,39.0,42.0,10.0,-57.0,-8.0,113.0,37.0,19.0,114.0,37.0,5.0,-76.0,68.0,31.0,1.0,31.0,36.0,19.0,36.0,32.0,0.0,32.0,5.0,2.0,5.0,9.0,0.0,9.0,17
-6.0,70.0,-5.0,22.0,68.0,-15.0,3.0,112.0,20.0,-12.0,114.0,7.0,-2.0,-76.0,64.0,6.0,1.0,6.0,16.0,1.0,16.0,1.0,1.0,1.0,14.0,0.0,14.0,6.0,1.0,6.0,-26.0,30.0,27.0,39.0,29.0,27.0,-20.0,113.0,42.0,7.0,116.0,41.0,-2.0,-76.0,64.0,28.0,0.0,28.0,27.0,1.0,27.0,24.0,1.0,24.0,1.0,0.0,1.0,6.0,1.0,6.0,17
-6.0,69.0,-3.0,19.0,67.0,62.0,2.0,113.0,24.0,-13.0,114.0,4.0,-4.0,-77.0,56.0,6.0,2.0,6.0,9.0,28.0,9.0,10.0,0.0,10.0,17.0,1.0,17.0,12.0,0.0,12.0,-27.0,30.0,20.0,33.0,28.0,108.0,-22.0,114.0,41.0,4.0,116.0,41.0,-4.0,-77.0,56.0,29.0,0.0,29.0,3.0,32.0,3.0,34.0,1.0,34.0,6.0,2.0,6.0,12.0,0.0,12.0,17
-6.0,67.0,11.0,5.0,39.0,132.0,-4.0,113.0,31.0,-15.0,113.0,-15.0,-8.0,-77.0,51.0,8.0,0.0,8.0,47.0,84.0,47.0,10.0,0.0,10.0,15.0,0.0,15.0,12.0,1.0,12.0,-28.0,30.0,18.0,15.0,-4.0,175.0,-28.0,113.0,36.0,-1.0,114.0,31.0,-8.0,-77.0,51.0,30.0,2.0,30.0,43.0,82.0,43.0,34.0,1.0,34.0,7.0,0.0,7.0,12.0,1.0,12.0,17
-7.0,67.0,20.0,-21.0,-45.0,130.0,-7.0,113.0,30.0,-15.0,113.0,-19.0,-10.0,-78.0,42.0,13.0,1.0,13.0,27.0,18.0,27.0,7.0,1.0,7.0,15.0,1.0,15.0,10.0,0.0,10.0,-29.0,28.0,18.0,-14.0,-86.0,174.0,-31.0,112.0,29.0,-4.0,114.0,29.0,-10.0,-78.0,42.0,33.0,1.0,33.0,20.0,16.0,20.0,31.0,0.0,31.0,4.0,1.0,4.0,10.0,0.0,10.0,17
-10.0,68.0,5.0,-24.0,-63.0,84.0,-7.0,112.0,29.0,-15.0,112.0,-24.0,-10.0,-78.0,36.0,12.0,1.0,12.0,24.0,0.0,24.0,13.0,1.0,13.0,15.0,0.0,15.0,10.0,0.0,10.0,-31.0,29.0,4.0,-17.0,-102.0,128.0,-31.0,112.0,28.0,-4.0,115.0,25.0,-10.0,-78.0,36.0,31.0,0.0,31.0,17.0,3.0,17.0,35.0,2.0,35.0,8.0,1.0,8.0,10.0,0.0,10.0,17
-11.0,67.0,5.0,-23.0,-63.0,50.0,-10.0,111.0,29.0,-14.0,112.0,-30.0,-9.0,-78.0,31.0,11.0,1.0,11.0,25.0,2.0,25.0,10.0,1.0,10.0,14.0,0.0,14.0,11.0,1.0,11.0,-31.0,29.0,-3.0,-17.0,-105.0,92.0,-33.0,110.0,21.0,-6.0,114.0,21.0,-9.0,-78.0,31.0,31.0,1.0,31.0,19.0,3.0,19.0,33.0,1.0,33.0,6.0,0.0,6.0,11.0,1.0,11.0,17
-11.0,66.0,12.0,-24.0,-61.0,50.0,-10.0,112.0,27.0,-13.0,112.0,-33.0,-10.0,-77.0,25.0,11.0,1.0,11.0,24.0,1.0,24.0,10.0,1.0,10.0,13.0,0.0,13.0,10.0,0.0,10.0,-31.0,30.0,-2.0,-18.0,-102.0,88.0,-33.0,111.0,17.0,-6.0,114.0,19.0,-10.0,-77.0,25.0,31.0,0.0,31.0,18.0,2.0,18.0,33.0,1.0,33.0,6.0,0.0,6.0,10.0,0.0,10.0,17
-9.0,67.0,15.0,-22.0,-60.0,55.0,-6.0,113.0,26.0,-13.0,112.0,-27.0,-10.0,-77.0,24.0,11.0,0.0,11.0,22.0,2.0,22.0,6.0,0.0,6.0,13.0,1.0,13.0,10.0,1.0,10.0,-30.0,30.0,7.0,-15.0,-100.0,93.0,-30.0,112.0,22.0,-4.0,114.0,23.0,-10.0,-77.0,24.0,32.0,4.0,32.0,15.0,1.0,15.0,30.0,0.0,30.0,4.0,1.0,4.0,10.0,1.0,10.0,17
-10.0,67.0,10.0,-18.0,-62.0,75.0,-3.0,113.0,26.0,-13.0,113.0,-19.0,-8.0,-78.0,27.0,10.0,1.0,10.0,18.0,9.0,18.0,3.0,0.0,3.0,13.0,0.0,13.0,8.0,0.0,8.0,-31.0,26.0,7.0,-10.0,-101.0,112.0,-28.0,112.0,27.0,-2.0,115.0,29.0,-8.0,-78.0,27.0,31.0,0.0,31.0,10.0,8.0,10.0,28.0,0.0,28.0,2.0,1.0,2.0,8.0,0.0,8.0,17
-8.0,66.0,9.0,-15.0,-53.0,94.0,-1.0,113.0,25.0,-13.0,113.0,-13.0,-6.0,-78.0,31.0,8.0,1.0,8.0,15.0,10.0,15.0,1.0,0.0,1.0,13.0,1.0,13.0,6.0,0.0,6.0,-29.0,26.0,9.0,-4.0,-93.0,127.0,-25.0,112.0,31.0,1.0,114.0,32.0,-6.0,-78.0,31.0,29.0,2.0,29.0,4.0,9.0,4.0,25.0,1.0,25.0,1.0,0.0,1.0,6.0,0.0,6.0,17
-6.0,67.0,9.0,-10.0,-43.0,112.0,1.0,113.0,23.0,-11.0,114.0,-7.0,-5.0,-78.0,33.0,8.0,0.0,8.0,10.0,18.0,10.0,1.0,0.0,1.0,11.0,0.0,11.0,9.0,1.0,9.0,-28.0,28.0,16.0,2.0,-84.0,144.0,-23.0,113.0,33.0,4.0,114.0,35.0,-5.0,-78.0,33.0,28.0,1.0,28.0,2.0,19.0,2.0,23.0,0.0,23.0,4.0,1.0,4.0,9.0,1.0,9.0,17
-7.0,67.0,13.0,0.0,-25.0,131.0,3.0,113.0,24.0,-10.0,114.0,-3.0,-7.0,-77.0,33.0,7.0,1.0,7.0,0.0,49.0,0.0,1.0,0.0,1.0,12.0,0.0,12.0,11.0,2.0,11.0,-28.0,27.0,19.0,13.0,-65.0,161.0,-21.0,113.0,37.0,6.0,115.0,37.0,-7.0,-77.0,33.0,30.0,3.0,30.0,13.0,48.0,13.0,25.0,1.0,25.0,2.0,0.0,2.0,11.0,2.0,11.0,17
-5.0,68.0,16.0,21.0,24.0,131.0,1.0,113.0,26.0,-11.0,114.0,-4.0,-9.0,-75.0,35.0,5.0,0.0,5.0,21.0,31.0,21.0,1.0,1.0,1.0,11.0,0.0,11.0,9.0,0.0,9.0,-29.0,30.0,19.0,31.0,-17.0,158.0,-23.0,114.0,37.0,4.0,115.0,38.0,-9.0,-75.0,35.0,29.0,1.0,29.0,31.0,31.0,31.0,23.0,1.0,23.0,4.0,1.0,4.0,9.0,0.0,9.0,17
-5.0,68.0,21.0,24.0,55.0,88.0,3.0,112.0,23.0,-10.0,114.0,-3.0,-8.0,-75.0,34.0,5.0,0.0,5.0,10.0,13.0,10.0,3.0,0.0,3.0,12.0,1.0,12.0,10.0,1.0,10.0,-28.0,31.0,26.0,35.0,14.0,115.0,-21.0,113.0,36.0,6.0,114.0,37.0,-8.0,-75.0,34.0,28.0,1.0,28.0,23.0,13.0,23.0,21.0,0.0,21.0,6.0,0.0,6.0,10.0,1.0,10.0,17
-5.0,68.0,16.0,17.0,68.0,45.0,3.0,112.0,23.0,-11.0,115.0,1.0,-9.0,-76.0,34.0,5.0,1.0,5.0,7.0,3.0,7.0,3.0,1.0,3.0,11.0,0.0,11.0,9.0,0.0,9.0,-27.0,30.0,23.0,29.0,27.0,74.0,-21.0,113.0,38.0,6.0,114.0,40.0,-9.0,-76.0,34.0,27.0,1.0,27.0,11.0,3.0,11.0,21.0,1.0,21.0,6.0,1.0,6.0,9.0,0.0,9.0,17
-5.0,69.0,10.0,5.0,71.0,0.0,6.0,113.0,22.0,-8.0,115.0,-1.0,-5.0,-76.0,40.0,7.0,0.0,7.0,3.0,1.0,3.0,6.0,0.0,6.0,8.0,1.0,8.0,5.0,0.0,5.0,-25.0,31.0,19.0,20.0,30.0,29.0,-18.0,114.0,38.0,9.0,115.0,37.0,-5.0,-76.0,40.0,25.0,0.0,25.0,20.0,1.0,20.0,18.0,1.0,18.0,9.0,1.0,9.0,5.0,0.0,5.0,17
-6.0,69.0,4.0,4.0,70.0,-6.0,6.0,113.0,22.0,-7.0,114.0,0.0,-4.0,-76.0,41.0,-6.0,69.0,-6.0,4.0,70.0,4.0,6.0,113.0,6.0,-7.0,114.0,-7.0,-4.0,-76.0,-4.0,-25.0,31.0,16.0,21.0,29.0,22.0,-17.0,113.0,39.0,10.0,114.0,38.0,-4.0,-76.0,41.0,-25.0,31.0,-25.0,21.0,29.0,21.0,-17.0,113.0,-17.0,10.0,114.0,10.0,-4.0,-76.0,-4.0,17
