left_arm_local_X,left_arm_local_Y,left_arm_local_Z,right_arm_local_X,right_arm_local_Y,right_arm_local_Z,left_leg_local_X,left_leg_local_Y,left_leg_local_Z,right_leg_local_X,right_leg_local_Y,right_leg_local_Z,waist_head_local_X,waist_head_local_Y,waist_head_local_Z,left_arm_local_distX,left_arm_local__distY,left_arm_local__distZ,right_arm_local__distX,right_arm_local__distY,right_arm_local__distZ,left_leg_local__distX,left_leg_local__distY,left_leg_local__distZ,right_leg_local__distX,right_leg_local__distY,right_leg_local__distZ,waist_head_local__distX,waist_head_local__distY,waist_head_local__distZ,left_arm_global_X,left_arm_global_Y,left_arm_global_Z,right_arm_global_X,right_arm_global_Y,right_arm_global_Z,left_leg_global_X,left_leg_global_Y,left_leg_global_Z,right_leg_global_X,right_leg_global_Y,right_leg_global_Z,waist_head_global_X,waist_head_global_Y,waist_head_global_Z,left_arm_global_distX,left_arm_global__distY,left_arm_global__distZ,right_arm_global__distX,right_arm_global__distY,right_arm_global__distZ,left_leg_global__distX,left_leg_global__distY,left_leg_global__distZ,right_leg_global__distX,right_leg_global__distY,right_global__leg_distZ,waist_head_global__distX,waist_head_global__distY,waist_head_global__distZ,label
-6.0,67.0,44.0,1.0,71.0,13.0,2.0,115.0,17.0,-17.0,115.0,8.0,-4.0,-68.0,54.0,8.0,1.0,8.0,1.0,0.0,1.0,2.0,0.0,2.0,17.0,1.0,17.0,4.0,0.0,4.0,-28.0,32.0,51.0,20.0,33.0,41.0,-21.0,115.0,37.0,-1.0,117.0,50.0,-4.0,-68.0,54.0,30.0,0.0,30.0,16.0,0.0,16.0,21.0,0.0,21.0,1.0,1.0,1.0,4.0,0.0,4.0,18
-7.0,68.0,45.0,0.0,71.0,8.0,2.0,115.0,17.0,-17.0,114.0,8.0,-3.0,-68.0,56.0,7.0,0.0,7.0,0.0,2.0,0.0,2.0,0.0,2.0,17.0,1.0,17.0,3.0,0.0,3.0,-29.0,32.0,52.0,18.0,33.0,38.0,-21.0,115.0,38.0,-1.0,116.0,51.0,-3.0,-68.0,56.0,29.0,0.0,29.0,18.0,2.0,18.0,21.0,0.0,21.0,1.0,1.0,1.0,3.0,0.0,3.0,18
-7.0,68.0,43.0,0.0,69.0,0.0,3.0,115.0,17.0,-17.0,115.0,7.0,-3.0,-68.0,57.0,7.0,0.0,7.0,0.0,1.0,0.0,1.0,0.0,1.0,17.0,0.0,17.0,3.0,0.0,3.0,-29.0,32.0,51.0,19.0,31.0,30.0,-20.0,115.0,38.0,-1.0,117.0,50.0,-3.0,-68.0,57.0,29.0,0.0,29.0,19.0,0.0,19.0,22.0,1.0,22.0,1.0,0.0,1.0,3.0,0.0,3.0,18
-6.0,68.0,41.0,0.0,68.0,-1.0,2.0,115.0,15.0,-17.0,115.0,9.0,-3.0,-68.0,55.0,6.0,1.0,6.0,0.0,3.0,0.0,2.0,0.0,2.0,17.0,0.0,17.0,3.0,1.0,3.0,-28.0,32.0,50.0,19.0,31.0,30.0,-21.0,114.0,37.0,-1.0,117.0,51.0,-3.0,-68.0,55.0,28.0,2.0,28.0,19.0,3.0,19.0,21.0,1.0,21.0,1.0,1.0,1.0,3.0,1.0,3.0,18
-6.0,69.0,39.0,0.0,71.0,4.0,2.0,115.0,15.0,-17.0,115.0,6.0,-3.0,-67.0,57.0,8.0,1.0,8.0,0.0,1.0,0.0,2.0,0.0,2.0,17.0,0.0,17.0,3.0,1.0,3.0,-28.0,34.0,48.0,19.0,34.0,34.0,-21.0,115.0,36.0,-1.0,118.0,49.0,-3.0,-67.0,57.0,28.0,2.0,28.0,19.0,0.0,19.0,21.0,1.0,21.0,1.0,1.0,1.0,3.0,1.0,3.0,18
-7.0,68.0,40.0,1.0,72.0,11.0,2.0,115.0,15.0,-17.0,115.0,7.0,-2.0,-68.0,57.0,7.0,1.0,7.0,1.0,0.0,1.0,2.0,0.0,2.0,17.0,0.0,17.0,2.0,0.0,2.0,-28.0,32.0,49.0,21.0,34.0,41.0,-20.0,114.0,36.0,0.0,117.0,50.0,-2.0,-68.0,57.0,28.0,1.0,28.0,21.0,0.0,21.0,20.0,0.0,20.0,0.0,0.0,0.0,2.0,0.0,2.0,18
-7.0,69.0,38.0,2.0,72.0,17.0,2.0,115.0,14.0,-17.0,115.0,8.0,-2.0,-68.0,58.0,7.0,0.0,7.0,2.0,1.0,2.0,2.0,0.0,2.0,17.0,0.0,17.0,2.0,1.0,2.0,-28.0,33.0,48.0,22.0,34.0,47.0,-20.0,114.0,36.0,0.0,117.0,50.0,-2.0,-68.0,58.0,28.0,1.0,28.0,18.0,0.0,18.0,20.0,1.0,20.0,0.0,1.0,0.0,2.0,1.0,2.0,18
-7.0,69.0,37.0,0.0,71.0,4.0,3.0,115.0,12.0,-16.0,115.0,8.0,-2.0,-67.0,57.0,7.0,0.0,7.0,0.0,1.0,0.0,3.0,0.0,3.0,16.0,0.0,16.0,2.0,0.0,2.0,-28.0,34.0,47.0,20.0,34.0,32.0,-19.0,115.0,35.0,1.0,118.0,49.0,-2.0,-67.0,57.0,28.0,0.0,28.0,20.0,0.0,20.0,19.0,0.0,19.0,1.0,0.0,1.0,2.0,0.0,2.0,18
-6.0,69.0,35.0,1.0,70.0,9.0,4.0,115.0,9.0,-15.0,115.0,13.0,-1.0,-67.0,56.0,6.0,0.0,6.0,1.0,1.0,1.0,4.0,0.0,4.0,15.0,1.0,15.0,1.0,2.0,1.0,-28.0,34.0,50.0,21.0,34.0,35.0,-18.0,115.0,36.0,3.0,118.0,52.0,-1.0,-67.0,56.0,28.0,1.0,28.0,21.0,2.0,21.0,18.0,0.0,18.0,3.0,0.0,3.0,1.0,2.0,1.0,18
-4.0,69.0,38.0,2.0,69.0,12.0,8.0,115.0,1.0,-11.0,116.0,20.0,1.0,-69.0,49.0,4.0,7.0,4.0,0.0,0.0,0.0,8.0,2.0,8.0,11.0,0.0,11.0,1.0,1.0,1.0,-24.0,33.0,60.0,24.0,32.0,27.0,-12.0,115.0,36.0,9.0,118.0,50.0,1.0,-69.0,49.0,24.0,8.0,24.0,24.0,0.0,24.0,12.0,1.0,12.0,9.0,0.0,9.0,1.0,1.0,1.0,18
-1.0,62.0,62.0,1.0,69.0,16.0,10.0,117.0,1.0,-9.0,116.0,22.0,5.0,-70.0,44.0,1.0,14.0,1.0,1.0,2.0,1.0,6.0,2.0,6.0,9.0,1.0,9.0,5.0,0.0,5.0,-19.0,25.0,87.0,25.0,32.0,25.0,-8.0,116.0,40.0,13.0,118.0,47.0,5.0,-70.0,44.0,19.0,15.0,19.0,21.0,1.0,21.0,10.0,2.0,10.0,13.0,0.0,13.0,5.0,0.0,5.0,18
0.0,48.0,109.0,0.0,67.0,19.0,8.0,119.0,3.0,-7.0,117.0,24.0,5.0,-70.0,41.0,0.0,49.0,0.0,0.0,4.0,0.0,4.0,4.0,4.0,7.0,0.0,7.0,5.0,2.0,5.0,-17.0,10.0,136.0,23.0,31.0,22.0,-9.0,118.0,45.0,15.0,118.0,44.0,5.0,-70.0,41.0,17.0,49.0,17.0,23.0,3.0,23.0,11.0,5.0,11.0,15.0,0.0,15.0,5.0,2.0,5.0,18
10.0,-1.0,132.0,14.0,63.0,21.0,6.0,123.0,21.0,-7.0,117.0,24.0,6.0,-68.0,42.0,10.0,31.0,10.0,14.0,7.0,14.0,2.0,3.0,2.0,9.0,1.0,9.0,2.0,0.0,2.0,-9.0,-39.0,158.0,36.0,28.0,22.0,-10.0,123.0,66.0,16.0,118.0,41.0,6.0,-68.0,42.0,9.0,30.0,9.0,36.0,8.0,36.0,22.0,3.0,22.0,12.0,1.0,12.0,2.0,0.0,2.0,18
18.0,-32.0,126.0,26.0,56.0,21.0,2.0,126.0,44.0,-8.0,116.0,18.0,4.0,-68.0,46.0,18.0,13.0,18.0,26.0,13.0,26.0,6.0,2.0,6.0,8.0,0.0,8.0,4.0,1.0,4.0,-4.0,-69.0,154.0,45.0,20.0,22.0,-16.0,126.0,87.0,14.0,117.0,39.0,4.0,-68.0,46.0,4.0,12.0,4.0,45.0,14.0,45.0,20.0,2.0,20.0,14.0,1.0,14.0,4.0,1.0,4.0,18
26.0,-45.0,108.0,38.0,43.0,15.0,-2.0,128.0,53.0,-4.0,116.0,13.0,6.0,-67.0,43.0,26.0,5.0,26.0,38.0,30.0,38.0,6.0,1.0,6.0,4.0,2.0,4.0,6.0,4.0,6.0,3.0,-81.0,139.0,56.0,6.0,13.0,-18.0,128.0,98.0,18.0,116.0,31.0,6.0,-67.0,43.0,3.0,10.0,3.0,56.0,29.0,56.0,18.0,1.0,18.0,18.0,2.0,18.0,6.0,4.0,6.0,18
34.0,-50.0,68.0,49.0,13.0,21.0,-4.0,129.0,34.0,8.0,114.0,10.0,13.0,-71.0,23.0,34.0,17.0,34.0,39.0,20.0,39.0,4.0,3.0,4.0,6.0,0.0,6.0,5.0,2.0,5.0,24.0,-91.0,109.0,69.0,-23.0,-8.0,-9.0,129.0,87.0,32.0,114.0,3.0,13.0,-71.0,23.0,24.0,17.0,24.0,59.0,19.0,59.0,13.0,3.0,13.0,32.0,0.0,32.0,5.0,2.0,5.0,18
45.0,-33.0,55.0,44.0,-7.0,-4.0,-3.0,132.0,35.0,7.0,114.0,3.0,9.0,-73.0,25.0,45.0,35.0,45.0,22.0,13.0,22.0,3.0,3.0,3.0,3.0,3.0,3.0,9.0,1.0,9.0,30.0,-74.0,92.0,64.0,-42.0,-26.0,-11.0,132.0,87.0,32.0,114.0,2.0,9.0,-73.0,25.0,30.0,34.0,30.0,48.0,15.0,48.0,17.0,3.0,17.0,28.0,1.0,28.0,9.0,1.0,9.0,18
49.0,2.0,56.0,33.0,-20.0,-29.0,-1.0,135.0,36.0,5.0,117.0,-7.0,9.0,-74.0,27.0,11.0,26.0,11.0,9.0,16.0,9.0,1.0,1.0,1.0,5.0,3.0,5.0,9.0,0.0,9.0,31.0,-40.0,82.0,56.0,-57.0,-45.0,-14.0,135.0,85.0,30.0,115.0,2.0,9.0,-74.0,27.0,5.0,23.0,5.0,32.0,14.0,32.0,14.0,2.0,14.0,30.0,1.0,30.0,9.0,0.0,9.0,18
30.0,28.0,33.0,21.0,-36.0,-31.0,6.0,136.0,11.0,11.0,114.0,-14.0,11.0,-74.0,10.0,18.0,3.0,18.0,7.0,8.0,7.0,6.0,2.0,6.0,7.0,2.0,7.0,3.0,3.0,3.0,18.0,-17.0,60.0,44.0,-71.0,-66.0,-1.0,133.0,63.0,37.0,114.0,-20.0,11.0,-74.0,10.0,4.0,4.0,4.0,32.0,9.0,32.0,9.0,4.0,9.0,33.0,1.0,33.0,3.0,3.0,3.0,18
24.0,31.0,45.0,14.0,-44.0,-51.0,7.0,138.0,15.0,9.0,116.0,-25.0,4.0,-77.0,13.0,10.0,1.0,10.0,4.0,1.0,4.0,7.0,0.0,7.0,5.0,2.0,5.0,10.0,2.0,10.0,7.0,-13.0,72.0,38.0,-80.0,-68.0,-5.0,137.0,65.0,35.0,115.0,-20.0,4.0,-77.0,13.0,17.0,3.0,17.0,22.0,4.0,22.0,13.0,2.0,13.0,29.0,1.0,29.0,10.0,2.0,10.0,18
17.0,32.0,53.0,9.0,-43.0,-35.0,7.0,138.0,21.0,7.0,118.0,-31.0,-3.0,-79.0,20.0,9.0,2.0,9.0,9.0,25.0,9.0,17.0,2.0,17.0,5.0,2.0,5.0,29.0,2.0,29.0,-5.0,-10.0,80.0,30.0,-84.0,-44.0,-9.0,139.0,67.0,32.0,116.0,-17.0,-3.0,-79.0,20.0,31.0,6.0,31.0,30.0,29.0,30.0,51.0,1.0,51.0,4.0,3.0,4.0,29.0,2.0,29.0,18
13.0,30.0,75.0,17.0,-68.0,20.0,-5.0,136.0,43.0,1.0,120.0,-45.0,-16.0,-77.0,31.0,9.0,1.0,9.0,9.0,8.0,9.0,23.0,3.0,23.0,1.0,5.0,1.0,30.0,1.0,30.0,-18.0,-4.0,85.0,30.0,-113.0,44.0,-30.0,140.0,67.0,18.0,119.0,-5.0,-16.0,-77.0,31.0,44.0,2.0,44.0,16.0,8.0,16.0,52.0,4.0,52.0,0.0,2.0,0.0,30.0,1.0,30.0,18
2.0,31.0,96.0,4.0,-76.0,103.0,-14.0,133.0,49.0,1.0,115.0,-68.0,-23.0,-76.0,29.0,8.0,6.0,8.0,46.0,17.0,46.0,20.0,2.0,20.0,1.0,3.0,1.0,37.0,3.0,37.0,-31.0,-2.0,84.0,7.0,-121.0,139.0,-41.0,136.0,53.0,9.0,117.0,-18.0,-23.0,-76.0,29.0,37.0,6.0,37.0,47.0,16.0,47.0,45.0,2.0,45.0,1.0,1.0,1.0,37.0,3.0,37.0,18
-3.0,37.0,100.0,-21.0,-59.0,139.0,-17.0,131.0,47.0,0.0,112.0,-77.0,-30.0,-73.0,32.0,7.0,11.0,7.0,55.0,23.0,55.0,17.0,1.0,17.0,0.0,1.0,0.0,34.0,1.0,34.0,-34.0,4.0,83.0,-20.0,-105.0,182.0,-43.0,134.0,44.0,4.0,116.0,-25.0,-30.0,-73.0,32.0,42.0,9.0,42.0,58.0,26.0,58.0,43.0,2.0,43.0,4.0,0.0,4.0,34.0,1.0,34.0,18
-5.0,48.0,79.0,-38.0,-36.0,143.0,-12.0,130.0,42.0,1.0,113.0,-78.0,-32.0,-72.0,33.0,7.0,1.0,7.0,50.0,8.0,50.0,12.0,1.0,12.0,1.0,2.0,1.0,36.0,1.0,36.0,-38.0,13.0,70.0,-39.0,-79.0,195.0,-37.0,136.0,39.0,6.0,116.0,-26.0,-32.0,-72.0,33.0,38.0,1.0,38.0,51.0,8.0,51.0,37.0,1.0,37.0,6.0,2.0,6.0,36.0,1.0,36.0,18
-6.0,49.0,71.0,-44.0,-28.0,142.0,-9.0,131.0,41.0,2.0,115.0,-71.0,-34.0,-71.0,33.0,10.0,2.0,10.0,44.0,5.0,44.0,11.0,1.0,11.0,0.0,1.0,0.0,34.0,0.0,34.0,-38.0,14.0,65.0,-45.0,-71.0,197.0,-35.0,137.0,41.0,8.0,118.0,-20.0,-34.0,-71.0,33.0,42.0,0.0,42.0,45.0,5.0,45.0,37.0,0.0,37.0,4.0,0.0,4.0,34.0,0.0,34.0,18
-8.0,47.0,75.0,-44.0,-23.0,142.0,-10.0,130.0,42.0,1.0,114.0,-74.0,-34.0,-71.0,31.0,8.0,0.0,8.0,44.0,9.0,44.0,10.0,2.0,10.0,1.0,4.0,1.0,34.0,4.0,34.0,-40.0,14.0,63.0,-44.0,-66.0,191.0,-36.0,137.0,39.0,6.0,118.0,-22.0,-34.0,-71.0,31.0,40.0,3.0,40.0,44.0,7.0,44.0,36.0,1.0,36.0,6.0,1.0,6.0,34.0,4.0,34.0,18
-4.0,47.0,59.0,-44.0,-14.0,137.0,-4.0,132.0,40.0,3.0,118.0,-58.0,-28.0,-75.0,34.0,4.0,4.0,4.0,44.0,11.0,44.0,6.0,1.0,6.0,3.0,1.0,3.0,28.0,2.0,28.0,-33.0,11.0,60.0,-35.0,-59.0,185.0,-30.0,138.0,51.0,14.0,119.0,-10.0,-28.0,-75.0,34.0,33.0,2.0,33.0,35.0,11.0,35.0,32.0,1.0,32.0,12.0,0.0,12.0,28.0,2.0,28.0,18
-4.0,51.0,55.0,-42.0,-3.0,128.0,-5.0,133.0,44.0,0.0,117.0,-52.0,-20.0,-77.0,27.0,10.0,3.0,10.0,42.0,20.0,42.0,13.0,0.0,13.0,8.0,0.0,8.0,20.0,1.0,20.0,-33.0,13.0,63.0,-29.0,-48.0,174.0,-31.0,137.0,57.0,13.0,119.0,-6.0,-20.0,-77.0,27.0,37.0,5.0,37.0,29.0,20.0,29.0,39.0,2.0,39.0,3.0,1.0,3.0,20.0,1.0,20.0,18
-7.0,54.0,72.0,-27.0,17.0,131.0,-9.0,133.0,50.0,-4.0,117.0,-51.0,-17.0,-76.0,31.0,7.0,4.0,7.0,27.0,27.0,27.0,19.0,2.0,19.0,14.0,3.0,14.0,17.0,1.0,17.0,-35.0,18.0,70.0,-15.0,-28.0,165.0,-35.0,135.0,63.0,8.0,118.0,-4.0,-17.0,-76.0,31.0,35.0,6.0,35.0,15.0,29.0,15.0,43.0,2.0,43.0,0.0,2.0,0.0,17.0,1.0,17.0,18
-7.0,58.0,72.0,-12.0,44.0,108.0,-14.0,131.0,61.0,-9.0,114.0,-44.0,-10.0,-75.0,39.0,9.0,5.0,9.0,12.0,15.0,12.0,22.0,2.0,22.0,13.0,1.0,13.0,10.0,1.0,10.0,-35.0,24.0,74.0,0.0,1.0,144.0,-39.0,133.0,75.0,4.0,116.0,3.0,-10.0,-75.0,39.0,35.0,3.0,35.0,0.0,16.0,0.0,45.0,4.0,45.0,0.0,0.0,0.0,10.0,1.0,10.0,18
-8.0,63.0,63.0,-7.0,59.0,86.0,-18.0,129.0,67.0,-11.0,113.0,-38.0,-8.0,-74.0,45.0,12.0,3.0,12.0,7.0,9.0,7.0,18.0,2.0,18.0,15.0,0.0,15.0,8.0,1.0,8.0,-35.0,27.0,67.0,7.0,17.0,121.0,-42.0,129.0,82.0,2.0,116.0,8.0,-8.0,-74.0,45.0,37.0,3.0,37.0,7.0,11.0,7.0,42.0,3.0,42.0,0.0,2.0,0.0,8.0,1.0,8.0,18
-10.0,66.0,58.0,-3.0,68.0,60.0,-18.0,127.0,73.0,-13.0,113.0,-22.0,-5.0,-73.0,52.0,10.0,3.0,10.0,3.0,4.0,3.0,18.0,1.0,18.0,13.0,0.0,13.0,5.0,1.0,5.0,-36.0,30.0,71.0,13.0,28.0,97.0,-42.0,126.0,92.0,1.0,118.0,21.0,-5.0,-73.0,52.0,36.0,1.0,36.0,13.0,6.0,13.0,42.0,2.0,42.0,1.0,1.0,1.0,5.0,1.0,5.0,18
-10.0,69.0,37.0,-2.0,72.0,19.0,-13.0,126.0,67.0,-13.0,113.0,-12.0,-1.0,-72.0,58.0,12.0,1.0,12.0,6.0,3.0,6.0,13.0,0.0,13.0,15.0,0.0,15.0,1.0,1.0,1.0,-33.0,31.0,55.0,18.0,34.0,55.0,-36.0,124.0,89.0,2.0,119.0,29.0,-1.0,-72.0,58.0,33.0,1.0,33.0,18.0,2.0,18.0,36.0,0.0,36.0,2.0,0.0,2.0,1.0,1.0,1.0,18
-11.0,70.0,27.0,-4.0,69.0,-5.0,-5.0,126.0,47.0,-14.0,113.0,-4.0,1.0,-71.0,60.0,11.0,1.0,11.0,4.0,0.0,4.0,5.0,8.0,5.0,14.0,1.0,14.0,1.0,1.0,1.0,-32.0,32.0,48.0,18.0,32.0,29.0,-27.0,124.0,72.0,3.0,119.0,35.0,1.0,-71.0,60.0,32.0,1.0,32.0,18.0,0.0,18.0,27.0,7.0,27.0,3.0,1.0,3.0,1.0,1.0,1.0,18
-10.0,71.0,23.0,-4.0,69.0,0.0,2.0,118.0,-1.0,-14.0,114.0,-1.0,3.0,-70.0,57.0,10.0,0.0,10.0,4.0,0.0,4.0,2.0,3.0,2.0,14.0,1.0,14.0,3.0,0.0,3.0,-31.0,33.0,40.0,18.0,32.0,30.0,-20.0,117.0,25.0,3.0,118.0,38.0,3.0,-70.0,57.0,31.0,0.0,31.0,18.0,1.0,18.0,20.0,2.0,20.0,3.0,0.0,3.0,3.0,0.0,3.0,18
-8.0,71.0,16.0,-2.0,69.0,1.0,4.0,115.0,-10.0,-13.0,115.0,4.0,4.0,-70.0,54.0,8.0,0.0,8.0,2.0,1.0,2.0,4.0,2.0,4.0,13.0,1.0,13.0,4.0,1.0,4.0,-28.0,33.0,36.0,21.0,33.0,28.0,-16.0,115.0,20.0,6.0,118.0,40.0,4.0,-70.0,54.0,28.0,0.0,28.0,21.0,1.0,21.0,16.0,2.0,16.0,6.0,0.0,6.0,4.0,1.0,4.0,18
-7.0,71.0,16.0,1.0,70.0,10.0,7.0,113.0,-20.0,-12.0,116.0,6.0,4.0,-69.0,55.0,7.0,1.0,7.0,1.0,1.0,1.0,7.0,0.0,7.0,12.0,1.0,12.0,4.0,1.0,4.0,-27.0,33.0,36.0,23.0,34.0,33.0,-13.0,113.0,10.0,7.0,118.0,41.0,4.0,-69.0,55.0,27.0,1.0,27.0,23.0,0.0,23.0,13.0,1.0,13.0,7.0,0.0,7.0,4.0,1.0,4.0,18
-6.0,72.0,17.0,5.0,71.0,16.0,9.0,113.0,-15.0,-9.0,117.0,14.0,4.0,-70.0,53.0,-6.0,72.0,-6.0,5.0,71.0,5.0,9.0,113.0,9.0,-9.0,117.0,-9.0,4.0,-70.0,4.0,-25.0,34.0,40.0,29.0,34.0,36.0,-9.0,114.0,22.0,12.0,118.0,42.0,4.0,-70.0,53.0,-25.0,34.0,-25.0,29.0,34.0,29.0,-9.0,114.0,-9.0,12.0,118.0,12.0,4.0,-70.0,4.0,18
