left_arm_local_X,left_arm_local_Y,left_arm_local_Z,right_arm_local_X,right_arm_local_Y,right_arm_local_Z,left_leg_local_X,left_leg_local_Y,left_leg_local_Z,right_leg_local_X,right_leg_local_Y,right_leg_local_Z,waist_head_local_X,waist_head_local_Y,waist_head_local_Z,left_arm_local_distX,left_arm_local__distY,left_arm_local__distZ,right_arm_local__distX,right_arm_local__distY,right_arm_local__distZ,left_leg_local__distX,left_leg_local__distY,left_leg_local__distZ,right_leg_local__distX,right_leg_local__distY,right_leg_local__distZ,waist_head_local__distX,waist_head_local__distY,waist_head_local__distZ,left_arm_global_X,left_arm_global_Y,left_arm_global_Z,right_arm_global_X,right_arm_global_Y,right_arm_global_Z,left_leg_global_X,left_leg_global_Y,left_leg_global_Z,right_leg_global_X,right_leg_global_Y,right_leg_global_Z,waist_head_global_X,waist_head_global_Y,waist_head_global_Z,left_arm_global_distX,left_arm_global__distY,left_arm_global__distZ,right_arm_global__distX,right_arm_global__distY,right_arm_global__distZ,left_leg_global__distX,left_leg_global__distY,left_leg_global__distZ,right_leg_global__distX,right_leg_global__distY,right_global__leg_distZ,waist_head_global__distX,waist_head_global__distY,waist_head_global__distZ,label
2.0,66.0,52.0,8.0,68.0,43.0,6.0,109.0,15.0,-17.0,110.0,2.0,-8.0,-74.0,55.0,0.0,2.0,0.0,8.0,0.0,8.0,6.0,1.0,6.0,17.0,1.0,17.0,10.0,0.0,10.0,-22.0,30.0,69.0,24.0,29.0,76.0,-20.0,113.0,39.0,4.0,112.0,36.0,-8.0,-74.0,55.0,24.0,2.0,24.0,24.0,0.0,24.0,20.0,0.0,20.0,4.0,0.0,4.0,10.0,0.0,10.0,19
1.0,68.0,49.0,9.0,68.0,41.0,6.0,108.0,13.0,-17.0,111.0,7.0,-9.0,-74.0,55.0,1.0,0.0,1.0,1.0,1.0,1.0,6.0,1.0,6.0,17.0,0.0,17.0,9.0,1.0,9.0,-23.0,32.0,68.0,25.0,29.0,70.0,-20.0,113.0,40.0,4.0,112.0,40.0,-9.0,-74.0,55.0,23.0,0.0,23.0,19.0,1.0,19.0,20.0,0.0,20.0,4.0,0.0,4.0,9.0,1.0,9.0,19
1.0,68.0,38.0,5.0,69.0,39.0,7.0,109.0,12.0,-16.0,111.0,9.0,-7.0,-73.0,54.0,5.0,2.0,5.0,1.0,0.0,1.0,7.0,0.0,7.0,16.0,0.0,16.0,7.0,0.0,7.0,-23.0,32.0,56.0,22.0,30.0,65.0,-18.0,113.0,40.0,5.0,112.0,41.0,-7.0,-73.0,54.0,29.0,2.0,29.0,18.0,0.0,18.0,20.0,0.0,20.0,5.0,0.0,5.0,7.0,0.0,7.0,19
-2.0,70.0,44.0,3.0,69.0,41.0,7.0,109.0,14.0,-15.0,111.0,8.0,-6.0,-73.0,55.0,6.0,0.0,6.0,3.0,1.0,3.0,7.0,0.0,7.0,15.0,0.0,15.0,6.0,1.0,6.0,-26.0,34.0,64.0,20.0,30.0,68.0,-19.0,113.0,40.0,5.0,112.0,42.0,-6.0,-73.0,55.0,26.0,0.0,26.0,18.0,1.0,18.0,19.0,0.0,19.0,5.0,0.0,5.0,6.0,1.0,6.0,19
-4.0,70.0,38.0,0.0,68.0,45.0,9.0,109.0,10.0,-13.0,111.0,13.0,-5.0,-74.0,57.0,16.0,1.0,16.0,16.0,1.0,16.0,7.0,0.0,7.0,15.0,1.0,15.0,5.0,1.0,5.0,-26.0,34.0,61.0,19.0,29.0,72.0,-15.0,113.0,41.0,9.0,112.0,42.0,-5.0,-74.0,57.0,40.0,2.0,40.0,1.0,1.0,1.0,21.0,0.0,21.0,5.0,0.0,5.0,5.0,1.0,5.0,19
-10.0,69.0,43.0,-8.0,67.0,47.0,8.0,109.0,14.0,-14.0,110.0,7.0,-5.0,-73.0,57.0,10.0,1.0,10.0,14.0,3.0,14.0,8.0,1.0,8.0,14.0,0.0,14.0,5.0,0.0,5.0,-33.0,32.0,63.0,10.0,28.0,73.0,-18.0,113.0,40.0,7.0,112.0,40.0,-5.0,-73.0,57.0,33.0,1.0,33.0,4.0,2.0,4.0,18.0,0.0,18.0,7.0,0.0,7.0,5.0,0.0,5.0,19
-10.0,70.0,46.0,-11.0,64.0,53.0,9.0,110.0,15.0,-13.0,110.0,9.0,-4.0,-73.0,61.0,12.0,0.0,12.0,19.0,2.0,19.0,9.0,1.0,9.0,13.0,1.0,13.0,4.0,0.0,4.0,-33.0,33.0,68.0,7.0,26.0,82.0,-16.0,113.0,42.0,8.0,112.0,42.0,-4.0,-73.0,61.0,35.0,0.0,35.0,1.0,2.0,1.0,16.0,1.0,16.0,8.0,1.0,8.0,4.0,0.0,4.0,19
-11.0,70.0,52.0,-15.0,62.0,56.0,9.0,109.0,13.0,-13.0,111.0,13.0,-4.0,-73.0,63.0,11.0,0.0,11.0,19.0,1.0,19.0,9.0,0.0,9.0,13.0,2.0,13.0,4.0,0.0,4.0,-34.0,33.0,76.0,3.0,24.0,85.0,-16.0,112.0,43.0,9.0,113.0,43.0,-4.0,-73.0,63.0,34.0,0.0,34.0,3.0,0.0,3.0,16.0,0.0,16.0,9.0,2.0,9.0,4.0,0.0,4.0,19
-10.0,70.0,60.0,-17.0,63.0,63.0,12.0,109.0,8.0,-10.0,109.0,12.0,-3.0,-73.0,67.0,10.0,0.0,10.0,17.0,1.0,17.0,12.0,1.0,12.0,10.0,2.0,10.0,3.0,0.0,3.0,-32.0,33.0,93.0,3.0,24.0,87.0,-13.0,112.0,42.0,12.0,111.0,39.0,-3.0,-73.0,67.0,32.0,1.0,32.0,3.0,2.0,3.0,13.0,0.0,13.0,12.0,1.0,12.0,3.0,0.0,3.0,19
-5.0,70.0,67.0,-14.0,64.0,63.0,14.0,108.0,2.0,-8.0,111.0,20.0,-1.0,-73.0,66.0,5.0,3.0,5.0,14.0,1.0,14.0,14.0,2.0,14.0,8.0,0.0,8.0,1.0,0.0,1.0,-26.0,34.0,105.0,7.0,26.0,84.0,-9.0,112.0,40.0,16.0,112.0,40.0,-1.0,-73.0,66.0,26.0,3.0,26.0,7.0,1.0,7.0,9.0,0.0,9.0,16.0,1.0,16.0,1.0,0.0,1.0,19
9.0,67.0,75.0,-2.0,63.0,70.0,16.0,106.0,-7.0,-7.0,111.0,22.0,0.0,-73.0,66.0,9.0,13.0,9.0,2.0,17.0,2.0,14.0,0.0,14.0,7.0,1.0,7.0,0.0,0.0,0.0,-11.0,31.0,118.0,19.0,25.0,87.0,-5.0,112.0,37.0,18.0,111.0,35.0,0.0,-73.0,66.0,11.0,15.0,11.0,19.0,18.0,19.0,5.0,2.0,5.0,18.0,1.0,18.0,0.0,0.0,0.0,19
39.0,54.0,69.0,30.0,46.0,81.0,15.0,106.0,-13.0,-5.0,110.0,37.0,1.0,-73.0,78.0,39.0,13.0,39.0,30.0,23.0,30.0,15.0,0.0,15.0,5.0,1.0,5.0,1.0,1.0,1.0,21.0,16.0,126.0,51.0,7.0,94.0,-2.0,110.0,37.0,21.0,110.0,39.0,1.0,-73.0,78.0,21.0,14.0,21.0,51.0,23.0,51.0,2.0,0.0,2.0,21.0,0.0,21.0,1.0,1.0,1.0,19
55.0,41.0,57.0,46.0,23.0,69.0,15.0,106.0,-21.0,-3.0,111.0,42.0,1.0,-72.0,84.0,55.0,16.0,55.0,46.0,22.0,46.0,15.0,2.0,15.0,3.0,1.0,3.0,1.0,2.0,1.0,39.0,2.0,119.0,66.0,-16.0,76.0,1.0,110.0,33.0,23.0,110.0,36.0,1.0,-72.0,84.0,39.0,16.0,39.0,66.0,20.0,66.0,1.0,1.0,1.0,23.0,1.0,23.0,1.0,2.0,1.0,19
66.0,25.0,38.0,49.0,1.0,51.0,15.0,104.0,-27.0,1.0,110.0,48.0,3.0,-70.0,89.0,66.0,19.0,66.0,49.0,25.0,49.0,13.0,0.0,13.0,1.0,1.0,1.0,3.0,5.0,3.0,53.0,-14.0,105.0,70.0,-36.0,55.0,5.0,109.0,29.0,27.0,109.0,33.0,3.0,-70.0,89.0,53.0,18.0,53.0,70.0,23.0,70.0,5.0,0.0,5.0,27.0,0.0,27.0,3.0,5.0,3.0,19
72.0,6.0,7.0,51.0,-24.0,37.0,14.0,104.0,-34.0,4.0,109.0,47.0,4.0,-65.0,97.0,70.0,6.0,70.0,51.0,1.0,51.0,14.0,0.0,14.0,4.0,0.0,4.0,4.0,2.0,4.0,61.0,-32.0,81.0,70.0,-59.0,40.0,6.0,109.0,23.0,29.0,109.0,26.0,4.0,-65.0,97.0,61.0,5.0,61.0,70.0,3.0,70.0,6.0,1.0,6.0,29.0,0.0,29.0,4.0,2.0,4.0,19
71.0,0.0,-4.0,53.0,-23.0,37.0,14.0,104.0,-33.0,5.0,109.0,48.0,7.0,-63.0,102.0,71.0,0.0,71.0,53.0,4.0,53.0,12.0,0.0,12.0,5.0,0.0,5.0,7.0,1.0,7.0,62.0,-37.0,75.0,74.0,-56.0,44.0,7.0,110.0,24.0,30.0,109.0,26.0,7.0,-63.0,102.0,62.0,1.0,62.0,74.0,3.0,74.0,5.0,1.0,5.0,30.0,0.0,30.0,7.0,1.0,7.0,19
72.0,0.0,-11.0,56.0,-19.0,42.0,13.0,104.0,-33.0,5.0,109.0,48.0,9.0,-62.0,107.0,72.0,17.0,72.0,52.0,18.0,52.0,11.0,0.0,11.0,5.0,0.0,5.0,9.0,3.0,9.0,64.0,-36.0,71.0,78.0,-53.0,53.0,6.0,111.0,24.0,30.0,109.0,27.0,9.0,-62.0,107.0,64.0,19.0,64.0,76.0,17.0,76.0,4.0,0.0,4.0,30.0,0.0,30.0,9.0,3.0,9.0,19
72.0,17.0,-6.0,54.0,-1.0,42.0,12.0,104.0,-35.0,5.0,109.0,49.0,10.0,-59.0,113.0,60.0,15.0,60.0,52.0,28.0,52.0,12.0,1.0,12.0,1.0,0.0,1.0,6.0,3.0,6.0,66.0,-17.0,79.0,77.0,-36.0,53.0,5.0,111.0,23.0,30.0,109.0,27.0,10.0,-59.0,113.0,52.0,18.0,52.0,77.0,29.0,77.0,3.0,2.0,3.0,24.0,1.0,24.0,6.0,3.0,6.0,19
66.0,32.0,-5.0,53.0,27.0,51.0,14.0,105.0,-27.0,2.0,109.0,49.0,8.0,-56.0,119.0,18.0,32.0,18.0,13.0,31.0,13.0,14.0,1.0,14.0,8.0,0.0,8.0,8.0,0.0,8.0,59.0,1.0,80.0,78.0,-7.0,69.0,4.0,113.0,29.0,27.0,110.0,30.0,8.0,-56.0,119.0,9.0,32.0,9.0,42.0,33.0,42.0,2.0,0.0,2.0,19.0,1.0,19.0,8.0,0.0,8.0,19
42.0,64.0,19.0,33.0,58.0,59.0,14.0,106.0,-17.0,-3.0,109.0,47.0,9.0,-56.0,126.0,60.0,11.0,60.0,83.0,11.0,83.0,14.0,1.0,14.0,17.0,2.0,17.0,1.0,2.0,1.0,34.0,33.0,108.0,60.0,26.0,88.0,1.0,113.0,36.0,23.0,111.0,37.0,9.0,-56.0,126.0,82.0,12.0,82.0,56.0,15.0,56.0,11.0,2.0,11.0,7.0,3.0,7.0,1.0,2.0,1.0,19
-9.0,75.0,11.0,-25.0,69.0,37.0,15.0,107.0,1.0,-10.0,107.0,27.0,5.0,-54.0,131.0,73.0,14.0,73.0,65.0,16.0,65.0,3.0,2.0,3.0,18.0,1.0,18.0,3.0,2.0,3.0,-24.0,45.0,90.0,2.0,41.0,85.0,-5.0,115.0,44.0,15.0,114.0,34.0,5.0,-54.0,131.0,102.0,15.0,102.0,48.0,15.0,48.0,25.0,1.0,25.0,1.0,2.0,1.0,3.0,2.0,3.0,19
-41.0,61.0,-19.0,-45.0,53.0,8.0,9.0,109.0,12.0,-14.0,106.0,20.0,1.0,-52.0,136.0,63.0,18.0,63.0,61.0,16.0,61.0,1.0,1.0,1.0,16.0,1.0,16.0,7.0,1.0,7.0,-63.0,30.0,53.0,-23.0,26.0,71.0,-15.0,114.0,46.0,8.0,116.0,39.0,1.0,-52.0,136.0,91.0,20.0,91.0,49.0,15.0,49.0,27.0,0.0,27.0,0.0,1.0,0.0,7.0,1.0,7.0,19
-52.0,43.0,-41.0,-53.0,37.0,-13.0,5.0,110.0,23.0,-15.0,105.0,4.0,-3.0,-51.0,137.0,56.0,14.0,56.0,53.0,8.0,53.0,7.0,1.0,7.0,15.0,1.0,15.0,3.0,4.0,3.0,-77.0,10.0,20.0,-36.0,11.0,61.0,-21.0,114.0,43.0,4.0,115.0,38.0,-3.0,-51.0,137.0,83.0,17.0,83.0,36.0,11.0,36.0,33.0,2.0,33.0,2.0,0.0,2.0,3.0,4.0,3.0,19
-54.0,29.0,-53.0,-45.0,29.0,-23.0,-1.0,111.0,36.0,-13.0,104.0,-8.0,-3.0,-47.0,133.0,54.0,2.0,54.0,49.0,0.0,49.0,9.0,1.0,9.0,15.0,1.0,15.0,11.0,6.0,11.0,-80.0,-7.0,-9.0,-33.0,0.0,55.0,-27.0,112.0,42.0,1.0,115.0,35.0,-3.0,-47.0,133.0,80.0,1.0,80.0,45.0,1.0,45.0,35.0,1.0,35.0,9.0,0.0,9.0,11.0,6.0,11.0,19
-50.0,31.0,-59.0,-47.0,29.0,-22.0,-5.0,110.0,42.0,-14.0,105.0,-15.0,-7.0,-53.0,127.0,56.0,2.0,56.0,47.0,6.0,47.0,5.0,0.0,5.0,18.0,1.0,18.0,7.0,2.0,7.0,-77.0,-8.0,-24.0,-39.0,-1.0,56.0,-31.0,111.0,40.0,-4.0,115.0,34.0,-7.0,-53.0,127.0,81.0,4.0,81.0,39.0,4.0,39.0,31.0,0.0,31.0,4.0,1.0,4.0,7.0,2.0,7.0,19
-53.0,33.0,-49.0,-46.0,35.0,-22.0,-5.0,110.0,41.0,-16.0,106.0,-10.0,-7.0,-55.0,126.0,53.0,16.0,53.0,46.0,7.0,46.0,5.0,0.0,5.0,20.0,1.0,20.0,7.0,8.0,7.0,-79.0,-4.0,-15.0,-37.0,3.0,56.0,-31.0,111.0,43.0,-4.0,114.0,38.0,-7.0,-55.0,126.0,79.0,17.0,79.0,37.0,5.0,37.0,31.0,1.0,31.0,4.0,0.0,4.0,7.0,8.0,7.0,19
-48.0,49.0,-20.0,-46.0,42.0,-6.0,-4.0,110.0,33.0,-18.0,107.0,-13.0,-6.0,-63.0,108.0,48.0,9.0,48.0,46.0,6.0,46.0,4.0,1.0,4.0,22.0,1.0,22.0,8.0,5.0,8.0,-74.0,13.0,8.0,-36.0,8.0,62.0,-30.0,112.0,38.0,-4.0,114.0,34.0,-6.0,-63.0,108.0,74.0,10.0,74.0,36.0,5.0,36.0,32.0,0.0,32.0,6.0,0.0,6.0,8.0,5.0,8.0,19
-43.0,58.0,5.0,-44.0,48.0,5.0,-4.0,109.0,29.0,-20.0,106.0,-15.0,-7.0,-68.0,94.0,43.0,3.0,43.0,44.0,6.0,44.0,4.0,1.0,4.0,24.0,0.0,24.0,9.0,5.0,9.0,-70.0,23.0,28.0,-34.0,13.0,66.0,-31.0,112.0,36.0,-5.0,114.0,31.0,-7.0,-68.0,94.0,70.0,3.0,70.0,34.0,4.0,34.0,31.0,0.0,31.0,7.0,0.0,7.0,9.0,5.0,9.0,19
-37.0,61.0,24.0,-40.0,54.0,20.0,-4.0,110.0,24.0,-22.0,106.0,-17.0,-8.0,-73.0,79.0,37.0,4.0,37.0,40.0,14.0,40.0,4.0,0.0,4.0,22.0,1.0,22.0,8.0,2.0,8.0,-62.0,26.0,44.0,-27.0,17.0,74.0,-30.0,112.0,34.0,-6.0,114.0,27.0,-8.0,-73.0,79.0,62.0,3.0,62.0,27.0,13.0,27.0,30.0,0.0,30.0,6.0,1.0,6.0,8.0,2.0,8.0,19
-23.0,65.0,42.0,-19.0,68.0,40.0,-2.0,110.0,18.0,-22.0,107.0,-9.0,-7.0,-75.0,65.0,23.0,3.0,23.0,19.0,4.0,19.0,2.0,0.0,2.0,22.0,0.0,22.0,9.0,0.0,9.0,-47.0,29.0,60.0,-4.0,30.0,85.0,-28.0,112.0,32.0,-4.0,113.0,33.0,-7.0,-75.0,65.0,47.0,3.0,47.0,4.0,3.0,4.0,30.0,0.0,30.0,4.0,0.0,4.0,9.0,0.0,9.0,19
-17.0,68.0,42.0,-8.0,72.0,36.0,-2.0,110.0,15.0,-22.0,107.0,-13.0,-8.0,-75.0,57.0,17.0,2.0,17.0,8.0,1.0,8.0,2.0,0.0,2.0,22.0,1.0,22.0,8.0,1.0,8.0,-42.0,32.0,59.0,7.0,33.0,75.0,-29.0,112.0,32.0,-4.0,113.0,28.0,-8.0,-75.0,57.0,42.0,1.0,42.0,7.0,1.0,7.0,29.0,0.0,29.0,4.0,1.0,4.0,8.0,1.0,8.0,19
-13.0,70.0,42.0,3.0,73.0,35.0,-1.0,110.0,12.0,-22.0,108.0,-10.0,-7.0,-76.0,50.0,13.0,1.0,13.0,3.0,2.0,3.0,1.0,0.0,1.0,22.0,0.0,22.0,9.0,1.0,9.0,-37.0,33.0,57.0,19.0,34.0,69.0,-27.0,112.0,30.0,-3.0,112.0,29.0,-7.0,-76.0,50.0,37.0,2.0,37.0,19.0,2.0,19.0,27.0,1.0,27.0,3.0,0.0,3.0,9.0,1.0,9.0,19
-7.0,71.0,45.0,9.0,71.0,31.0,1.0,110.0,11.0,-21.0,108.0,-9.0,-8.0,-75.0,50.0,-7.0,71.0,-7.0,9.0,71.0,9.0,1.0,110.0,1.0,-21.0,108.0,-21.0,-8.0,-75.0,-8.0,-32.0,35.0,60.0,25.0,32.0,62.0,-26.0,113.0,31.0,-2.0,112.0,29.0,-8.0,-75.0,50.0,-32.0,35.0,-32.0,25.0,32.0,25.0,-26.0,113.0,-26.0,-2.0,112.0,-2.0,-8.0,-75.0,-8.0,19
