left_arm_local_X,left_arm_local_Y,left_arm_local_Z,right_arm_local_X,right_arm_local_Y,right_arm_local_Z,left_leg_local_X,left_leg_local_Y,left_leg_local_Z,right_leg_local_X,right_leg_local_Y,right_leg_local_Z,waist_head_local_X,waist_head_local_Y,waist_head_local_Z,left_arm_local_distX,left_arm_local__distY,left_arm_local__distZ,right_arm_local__distX,right_arm_local__distY,right_arm_local__distZ,left_leg_local__distX,left_leg_local__distY,left_leg_local__distZ,right_leg_local__distX,right_leg_local__distY,right_leg_local__distZ,waist_head_local__distX,waist_head_local__distY,waist_head_local__distZ,left_arm_global_X,left_arm_global_Y,left_arm_global_Z,right_arm_global_X,right_arm_global_Y,right_arm_global_Z,left_leg_global_X,left_leg_global_Y,left_leg_global_Z,right_leg_global_X,right_leg_global_Y,right_leg_global_Z,waist_head_global_X,waist_head_global_Y,waist_head_global_Z,left_arm_global_distX,left_arm_global__distY,left_arm_global__distZ,right_arm_global__distX,right_arm_global__distY,right_arm_global__distZ,left_leg_global__distX,left_leg_global__distY,left_leg_global__distZ,right_leg_global__distX,right_leg_global__distY,right_global__leg_distZ,waist_head_global__distX,waist_head_global__distY,waist_head_global__distZ,label
-10.0,67.0,13.0,7.0,72.0,42.0,8.0,110.0,12.0,-13.0,110.0,-6.0,-9.0,-75.0,51.0,20.0,2.0,20.0,7.0,2.0,7.0,4.0,1.0,4.0,17.0,0.0,17.0,11.0,0.0,11.0,-35.0,31.0,28.0,22.0,32.0,75.0,-19.0,113.0,34.0,6.0,112.0,30.0,-9.0,-75.0,51.0,49.0,1.0,49.0,22.0,1.0,22.0,23.0,1.0,23.0,2.0,0.0,2.0,11.0,0.0,11.0,20
-15.0,69.0,30.0,9.0,70.0,44.0,6.0,109.0,13.0,-15.0,110.0,-7.0,-10.0,-75.0,53.0,15.0,0.0,15.0,5.0,1.0,5.0,4.0,1.0,4.0,15.0,1.0,15.0,12.0,0.0,12.0,-42.0,32.0,46.0,23.0,31.0,75.0,-21.0,112.0,34.0,4.0,112.0,31.0,-10.0,-75.0,53.0,42.0,0.0,42.0,19.0,1.0,19.0,21.0,1.0,21.0,4.0,1.0,4.0,12.0,0.0,12.0,20
-11.0,69.0,28.0,7.0,71.0,55.0,5.0,110.0,15.0,-14.0,109.0,-7.0,-11.0,-75.0,56.0,19.0,2.0,19.0,7.0,0.0,7.0,5.0,0.0,5.0,16.0,1.0,16.0,11.0,0.0,11.0,-38.0,32.0,47.0,21.0,32.0,89.0,-21.0,113.0,37.0,5.0,111.0,31.0,-11.0,-75.0,56.0,46.0,1.0,46.0,21.0,1.0,21.0,21.0,0.0,21.0,5.0,1.0,5.0,11.0,0.0,11.0,20
-15.0,67.0,37.0,7.0,71.0,56.0,6.0,110.0,14.0,-15.0,110.0,-5.0,-11.0,-75.0,58.0,15.0,3.0,15.0,1.0,1.0,1.0,4.0,0.0,4.0,15.0,0.0,15.0,13.0,0.0,13.0,-42.0,31.0,60.0,21.0,31.0,92.0,-20.0,113.0,37.0,5.0,112.0,32.0,-11.0,-75.0,58.0,42.0,2.0,42.0,11.0,1.0,11.0,22.0,1.0,22.0,5.0,0.0,5.0,13.0,0.0,13.0,20
-13.0,70.0,24.0,3.0,72.0,57.0,5.0,110.0,18.0,-13.0,110.0,-2.0,-12.0,-75.0,71.0,13.0,1.0,13.0,3.0,3.0,3.0,3.0,0.0,3.0,13.0,2.0,13.0,18.0,4.0,18.0,-41.0,33.0,51.0,16.0,32.0,100.0,-21.0,112.0,39.0,6.0,112.0,36.0,-12.0,-75.0,71.0,41.0,1.0,41.0,4.0,5.0,4.0,25.0,0.0,25.0,6.0,0.0,6.0,18.0,4.0,18.0,20
-4.0,69.0,-1.0,0.0,75.0,50.0,4.0,110.0,28.0,-10.0,108.0,-2.0,-15.0,-71.0,90.0,8.0,3.0,8.0,4.0,3.0,4.0,4.0,3.0,4.0,10.0,0.0,10.0,15.0,5.0,15.0,-34.0,34.0,31.0,10.0,37.0,107.0,-23.0,112.0,43.0,7.0,112.0,39.0,-15.0,-71.0,90.0,36.0,6.0,36.0,4.0,6.0,4.0,23.0,0.0,23.0,7.0,1.0,7.0,15.0,5.0,15.0,20
-6.0,72.0,-8.0,-2.0,78.0,43.0,4.0,107.0,31.0,-7.0,108.0,-1.0,-14.0,-66.0,109.0,8.0,1.0,8.0,8.0,4.0,8.0,0.0,2.0,0.0,7.0,4.0,7.0,20.0,6.0,20.0,-35.0,40.0,32.0,7.0,43.0,113.0,-22.0,112.0,46.0,10.0,111.0,42.0,-14.0,-66.0,109.0,41.0,1.0,41.0,5.0,7.0,5.0,24.0,3.0,24.0,8.0,2.0,8.0,20.0,6.0,20.0,20
-7.0,71.0,-17.0,-5.0,82.0,35.0,2.0,105.0,38.0,-5.0,104.0,-10.0,-17.0,-60.0,122.0,7.0,3.0,7.0,9.0,3.0,9.0,0.0,13.0,0.0,5.0,13.0,5.0,25.0,5.0,25.0,-38.0,39.0,26.0,1.0,50.0,114.0,-23.0,109.0,44.0,9.0,109.0,37.0,-17.0,-60.0,122.0,44.0,3.0,44.0,15.0,7.0,15.0,25.0,13.0,25.0,3.0,14.0,3.0,25.0,5.0,25.0,20
-6.0,68.0,-37.0,-7.0,85.0,24.0,1.0,92.0,35.0,-3.0,91.0,-41.0,-21.0,-55.0,127.0,8.0,2.0,8.0,9.0,0.0,9.0,1.0,10.0,1.0,3.0,6.0,3.0,21.0,4.0,21.0,-41.0,36.0,4.0,-7.0,57.0,108.0,-24.0,96.0,29.0,6.0,95.0,13.0,-21.0,-55.0,127.0,41.0,3.0,41.0,9.0,0.0,9.0,24.0,10.0,24.0,6.0,8.0,6.0,21.0,4.0,21.0,20
-7.0,66.0,-49.0,-8.0,85.0,15.0,2.0,82.0,30.0,2.0,85.0,-59.0,-20.0,-51.0,130.0,11.0,0.0,11.0,10.0,0.0,10.0,0.0,3.0,0.0,0.0,6.0,0.0,20.0,1.0,20.0,-41.0,33.0,-10.0,-8.0,57.0,99.0,-22.0,86.0,18.0,7.0,87.0,-3.0,-20.0,-51.0,130.0,47.0,2.0,47.0,12.0,0.0,12.0,24.0,4.0,24.0,3.0,7.0,3.0,20.0,1.0,20.0,20
-9.0,66.0,-48.0,-9.0,85.0,9.0,1.0,79.0,28.0,1.0,79.0,-77.0,-19.0,-50.0,125.0,21.0,4.0,21.0,25.0,8.0,25.0,17.0,34.0,17.0,1.0,8.0,1.0,19.0,5.0,19.0,-44.0,31.0,-16.0,-10.0,57.0,89.0,-23.0,82.0,13.0,5.0,80.0,-20.0,-19.0,-50.0,125.0,54.0,1.0,54.0,24.0,10.0,24.0,41.0,32.0,41.0,5.0,8.0,5.0,19.0,5.0,19.0,20
-15.0,70.0,-26.0,-17.0,77.0,-12.0,-8.0,113.0,103.0,1.0,71.0,-102.0,-18.0,-55.0,117.0,15.0,3.0,15.0,19.0,6.0,19.0,8.0,2.0,8.0,1.0,3.0,1.0,18.0,6.0,18.0,-49.0,32.0,2.0,-17.0,47.0,61.0,-32.0,114.0,89.0,6.0,72.0,-46.0,-18.0,-55.0,117.0,49.0,2.0,49.0,17.0,1.0,17.0,36.0,1.0,36.0,6.0,2.0,6.0,18.0,6.0,18.0,20
-13.0,73.0,-1.0,-18.0,83.0,19.0,-7.0,111.0,65.0,0.0,68.0,-113.0,-14.0,-61.0,106.0,13.0,5.0,13.0,18.0,1.0,18.0,7.0,1.0,7.0,8.0,6.0,8.0,14.0,7.0,14.0,-46.0,34.0,24.0,-13.0,48.0,81.0,-34.0,113.0,64.0,10.0,70.0,-61.0,-14.0,-61.0,106.0,46.0,2.0,46.0,13.0,6.0,13.0,34.0,1.0,34.0,10.0,4.0,10.0,14.0,7.0,14.0,20
-12.0,78.0,17.0,-18.0,82.0,40.0,-1.0,110.0,34.0,-4.0,74.0,-105.0,-14.0,-68.0,103.0,12.0,2.0,12.0,18.0,18.0,18.0,1.0,2.0,1.0,6.0,25.0,6.0,14.0,1.0,14.0,-44.0,36.0,47.0,-10.0,42.0,97.0,-28.0,112.0,42.0,10.0,74.0,-58.0,-14.0,-68.0,103.0,44.0,6.0,44.0,10.0,13.0,10.0,28.0,6.0,28.0,10.0,25.0,10.0,14.0,1.0,14.0,20
-6.0,76.0,43.0,-17.0,64.0,71.0,3.0,112.0,48.0,-5.0,99.0,-23.0,-10.0,-69.0,112.0,6.0,2.0,6.0,17.0,22.0,17.0,3.0,13.0,3.0,5.0,3.0,5.0,10.0,3.0,10.0,-36.0,42.0,101.0,-4.0,29.0,140.0,-22.0,118.0,67.0,13.0,99.0,18.0,-10.0,-69.0,112.0,36.0,2.0,36.0,4.0,22.0,4.0,22.0,12.0,22.0,13.0,6.0,13.0,10.0,3.0,10.0,20
0.0,74.0,55.0,-6.0,42.0,75.0,11.0,99.0,0.0,-3.0,102.0,-6.0,-8.0,-72.0,93.0,0.0,7.0,0.0,6.0,27.0,6.0,11.0,3.0,11.0,7.0,5.0,7.0,8.0,4.0,8.0,-28.0,40.0,110.0,10.0,7.0,132.0,-14.0,106.0,25.0,18.0,105.0,26.0,-8.0,-72.0,93.0,28.0,10.0,28.0,10.0,29.0,10.0,14.0,2.0,14.0,18.0,4.0,18.0,8.0,4.0,8.0,20
2.0,67.0,63.0,4.0,15.0,79.0,11.0,102.0,-20.0,-5.0,107.0,3.0,-6.0,-76.0,77.0,2.0,7.0,2.0,4.0,31.0,4.0,11.0,4.0,11.0,5.0,4.0,5.0,6.0,1.0,6.0,-24.0,30.0,116.0,22.0,-22.0,121.0,-12.0,108.0,17.0,19.0,109.0,24.0,-6.0,-76.0,77.0,24.0,8.0,24.0,22.0,32.0,22.0,12.0,5.0,12.0,19.0,2.0,19.0,6.0,1.0,6.0,20
11.0,60.0,77.0,13.0,-16.0,47.0,17.0,106.0,-24.0,-2.0,111.0,10.0,-2.0,-77.0,55.0,11.0,2.0,11.0,13.0,5.0,13.0,17.0,1.0,17.0,2.0,0.0,2.0,2.0,0.0,2.0,-12.0,22.0,125.0,33.0,-54.0,66.0,-4.0,113.0,19.0,24.0,111.0,23.0,-2.0,-77.0,55.0,12.0,4.0,12.0,33.0,5.0,33.0,4.0,1.0,4.0,24.0,1.0,24.0,2.0,0.0,2.0,20
14.0,58.0,79.0,13.0,-21.0,27.0,20.0,105.0,-29.0,-1.0,111.0,11.0,0.0,-77.0,42.0,10.0,1.0,10.0,5.0,2.0,5.0,20.0,1.0,20.0,3.0,0.0,3.0,0.0,1.0,0.0,-7.0,18.0,125.0,34.0,-59.0,38.0,0.0,112.0,18.0,25.0,110.0,20.0,0.0,-77.0,42.0,11.0,1.0,11.0,26.0,3.0,26.0,0.0,1.0,0.0,25.0,0.0,25.0,0.0,1.0,0.0,20
12.0,57.0,77.0,9.0,-23.0,9.0,20.0,106.0,-32.0,-2.0,111.0,13.0,0.0,-78.0,38.0,4.0,4.0,4.0,1.0,0.0,1.0,18.0,0.0,18.0,4.0,0.0,4.0,2.0,2.0,2.0,-9.0,17.0,122.0,30.0,-62.0,15.0,1.0,111.0,16.0,25.0,110.0,19.0,0.0,-78.0,38.0,29.0,5.0,29.0,18.0,1.0,18.0,7.0,1.0,7.0,21.0,0.0,21.0,2.0,2.0,2.0,20
4.0,61.0,74.0,4.0,-23.0,-6.0,19.0,106.0,-25.0,-3.0,111.0,4.0,-1.0,-76.0,27.0,6.0,2.0,6.0,2.0,16.0,2.0,9.0,2.0,9.0,13.0,0.0,13.0,9.0,1.0,9.0,-19.0,22.0,111.0,24.0,-61.0,5.0,-3.0,112.0,18.0,23.0,110.0,18.0,-1.0,-76.0,27.0,35.0,4.0,35.0,14.0,17.0,14.0,19.0,2.0,19.0,7.0,2.0,7.0,9.0,1.0,9.0,20
-1.0,63.0,70.0,3.0,-39.0,11.0,14.0,108.0,-11.0,-8.0,111.0,-4.0,-5.0,-75.0,29.0,11.0,2.0,11.0,3.0,7.0,3.0,8.0,0.0,8.0,14.0,1.0,14.0,15.0,0.0,15.0,-27.0,26.0,100.0,19.0,-78.0,33.0,-11.0,114.0,22.0,15.0,112.0,23.0,-5.0,-75.0,29.0,41.0,3.0,41.0,15.0,8.0,15.0,21.0,1.0,21.0,3.0,1.0,3.0,15.0,0.0,15.0,20
-6.0,65.0,67.0,4.0,-46.0,40.0,11.0,108.0,-3.0,-11.0,110.0,-11.0,-10.0,-75.0,31.0,22.0,3.0,22.0,32.0,13.0,32.0,9.0,2.0,9.0,19.0,2.0,19.0,26.0,0.0,26.0,-34.0,29.0,86.0,17.0,-86.0,68.0,-16.0,113.0,22.0,9.0,111.0,23.0,-10.0,-75.0,31.0,52.0,4.0,52.0,33.0,13.0,33.0,34.0,0.0,34.0,9.0,0.0,9.0,26.0,0.0,26.0,20
-14.0,68.0,50.0,-14.0,-59.0,118.0,1.0,110.0,19.0,-15.0,108.0,-22.0,-18.0,-75.0,40.0,20.0,0.0,20.0,24.0,22.0,24.0,9.0,1.0,9.0,21.0,2.0,21.0,30.0,0.0,30.0,-43.0,33.0,55.0,-8.0,-99.0,158.0,-25.0,113.0,27.0,0.0,111.0,25.0,-18.0,-75.0,40.0,53.0,1.0,53.0,28.0,22.0,28.0,37.0,2.0,37.0,12.0,2.0,12.0,30.0,0.0,30.0,20
-17.0,68.0,25.0,-19.0,-37.0,141.0,-4.0,109.0,25.0,-18.0,106.0,-29.0,-24.0,-75.0,44.0,17.0,1.0,17.0,27.0,17.0,27.0,4.0,0.0,4.0,20.0,0.0,20.0,30.0,0.0,30.0,-48.0,34.0,29.0,-18.0,-77.0,190.0,-31.0,111.0,26.0,-6.0,109.0,21.0,-24.0,-75.0,44.0,48.0,3.0,48.0,26.0,18.0,26.0,31.0,0.0,31.0,8.0,1.0,8.0,30.0,0.0,30.0,20
-13.0,67.0,-9.0,-23.0,-20.0,148.0,-4.0,109.0,23.0,-19.0,106.0,-29.0,-27.0,-75.0,44.0,13.0,5.0,13.0,35.0,14.0,35.0,6.0,0.0,6.0,19.0,0.0,19.0,27.0,0.0,27.0,-44.0,31.0,-5.0,-22.0,-59.0,197.0,-31.0,111.0,24.0,-7.0,110.0,22.0,-27.0,-75.0,44.0,44.0,4.0,44.0,32.0,14.0,32.0,31.0,0.0,31.0,7.0,0.0,7.0,27.0,0.0,27.0,20
-3.0,62.0,-49.0,-29.0,-6.0,148.0,-5.0,109.0,22.0,-18.0,106.0,-32.0,-26.0,-75.0,49.0,3.0,3.0,3.0,29.0,7.0,29.0,5.0,1.0,5.0,18.0,0.0,18.0,26.0,1.0,26.0,-34.0,27.0,-45.0,-27.0,-45.0,199.0,-31.0,111.0,22.0,-6.0,110.0,19.0,-26.0,-75.0,49.0,34.0,2.0,34.0,27.0,6.0,27.0,31.0,0.0,31.0,6.0,0.0,6.0,26.0,1.0,26.0,20
2.0,59.0,-62.0,-29.0,1.0,148.0,-2.0,108.0,20.0,-18.0,106.0,-28.0,-23.0,-76.0,52.0,4.0,2.0,4.0,33.0,13.0,33.0,8.0,1.0,8.0,18.0,1.0,18.0,25.0,1.0,25.0,-29.0,25.0,-52.0,-25.0,-39.0,199.0,-29.0,111.0,25.0,-5.0,110.0,21.0,-23.0,-76.0,52.0,29.0,1.0,29.0,25.0,11.0,25.0,35.0,0.0,35.0,9.0,0.0,9.0,25.0,1.0,25.0,20
-1.0,61.0,-50.0,-31.0,14.0,141.0,-5.0,109.0,25.0,-18.0,105.0,-33.0,-24.0,-77.0,49.0,9.0,4.0,9.0,31.0,23.0,31.0,7.0,1.0,7.0,18.0,1.0,18.0,24.0,2.0,24.0,-29.0,24.0,-46.0,-25.0,-28.0,192.0,-32.0,111.0,25.0,-7.0,110.0,18.0,-24.0,-77.0,49.0,35.0,5.0,35.0,25.0,23.0,25.0,34.0,1.0,34.0,7.0,1.0,7.0,24.0,2.0,24.0,20
-5.0,65.0,-27.0,-23.0,37.0,118.0,-6.0,110.0,24.0,-17.0,104.0,-35.0,-22.0,-75.0,48.0,11.0,3.0,11.0,23.0,19.0,23.0,6.0,1.0,6.0,17.0,2.0,17.0,22.0,0.0,22.0,-32.0,29.0,-32.0,-17.0,-5.0,162.0,-33.0,110.0,22.0,-7.0,109.0,17.0,-22.0,-75.0,48.0,36.0,2.0,36.0,17.0,20.0,17.0,33.0,0.0,33.0,7.0,1.0,7.0,22.0,0.0,22.0,20
-8.0,68.0,-10.0,-12.0,56.0,92.0,-3.0,109.0,23.0,-17.0,106.0,-30.0,-21.0,-75.0,49.0,8.0,0.0,8.0,12.0,13.0,12.0,3.0,1.0,3.0,19.0,0.0,19.0,21.0,0.0,21.0,-34.0,31.0,-14.0,-5.0,15.0,134.0,-30.0,110.0,23.0,-6.0,110.0,21.0,-21.0,-75.0,49.0,36.0,1.0,36.0,5.0,13.0,5.0,30.0,1.0,30.0,6.0,0.0,6.0,21.0,0.0,21.0,20
-8.0,68.0,7.0,-1.0,69.0,61.0,-1.0,110.0,20.0,-18.0,106.0,-25.0,-18.0,-75.0,49.0,20.0,1.0,20.0,1.0,4.0,1.0,1.0,0.0,1.0,18.0,1.0,18.0,18.0,0.0,18.0,-35.0,32.0,7.0,8.0,28.0,101.0,-28.0,111.0,25.0,-5.0,110.0,24.0,-18.0,-75.0,49.0,45.0,0.0,45.0,8.0,4.0,8.0,28.0,1.0,28.0,5.0,1.0,5.0,18.0,0.0,18.0,20
-14.0,67.0,21.0,13.0,73.0,17.0,4.0,110.0,12.0,-16.0,107.0,-19.0,-14.0,-75.0,50.0,22.0,1.0,22.0,13.0,2.0,13.0,4.0,0.0,4.0,16.0,1.0,16.0,14.0,0.0,14.0,-40.0,32.0,29.0,26.0,32.0,52.0,-23.0,112.0,26.0,1.0,111.0,24.0,-14.0,-75.0,50.0,46.0,1.0,46.0,26.0,2.0,26.0,23.0,0.0,23.0,1.0,0.0,1.0,14.0,0.0,14.0,20
-18.0,68.0,23.0,18.0,71.0,-7.0,4.0,110.0,11.0,-16.0,108.0,-14.0,-13.0,-75.0,51.0,18.0,1.0,18.0,18.0,2.0,18.0,4.0,0.0,4.0,16.0,1.0,16.0,13.0,0.0,13.0,-43.0,33.0,35.0,32.0,30.0,26.0,-22.0,112.0,29.0,3.0,111.0,27.0,-13.0,-75.0,51.0,43.0,0.0,43.0,32.0,2.0,32.0,22.0,0.0,22.0,3.0,0.0,3.0,13.0,0.0,13.0,20
-17.0,69.0,21.0,20.0,69.0,-17.0,7.0,110.0,8.0,-15.0,109.0,-10.0,-12.0,-75.0,53.0,17.0,2.0,17.0,20.0,1.0,20.0,7.0,1.0,7.0,15.0,0.0,15.0,12.0,0.0,12.0,-43.0,33.0,36.0,34.0,28.0,14.0,-20.0,112.0,29.0,4.0,111.0,28.0,-12.0,-75.0,53.0,43.0,1.0,43.0,34.0,0.0,34.0,20.0,0.0,20.0,4.0,0.0,4.0,12.0,0.0,12.0,20
-14.0,71.0,19.0,20.0,68.0,-15.0,9.0,109.0,6.0,-14.0,109.0,-6.0,-10.0,-75.0,55.0,-14.0,71.0,-14.0,20.0,68.0,20.0,9.0,109.0,9.0,-14.0,109.0,-14.0,-10.0,-75.0,-10.0,-39.0,34.0,39.0,37.0,28.0,13.0,-17.0,112.0,31.0,7.0,111.0,29.0,-10.0,-75.0,55.0,-39.0,34.0,-39.0,37.0,28.0,37.0,-17.0,112.0,-17.0,7.0,111.0,7.0,-10.0,-75.0,-10.0,20
